0.07051006039531115821006324040354229509830474853515625
0.072129911130338675295803341214195825159549713134765625
0.07952251593939786700193650403889478184282779693603515625
0.0754930344520366725102888949550106190145015716552734375
0.07551593866987062197981828148840577341616153717041015625
0.0690426515565400189533562524957233108580112457275390625
0.0729050838755915531219642389260116033256053924560546875
0.07613607301184276143768414613077766261994838714599609375
0.083835569391552622331431621205410920083522796630859375
0.0745274149787372997000289842617348767817020416259765625
0.08109652020305337105643417316969134844839572906494140625
0.06738191471715974933953674508302356116473674774169921875
0.06603696508876755189021423575468361377716064453125
0.0657721343505244249172392301261425018310546875
0.07307351912424274453794481587465270422399044036865234375
0.07439420497913763752340088331038714386522769927978515625
0.08567475735720138374507115486267139203846454620361328125