0.0053709680242694200769104639903162023983895778656005859375,0.00542577294192410353179667481526848860085010528564453125,0.005473976525226460602968625579478612053208053112030029296875,0.005463430978728855795523156047011070768348872661590576171875
0.0055945416359421025476184041735905339010059833526611328125,0.005400709390863143131988888256955760880373418331146240234375,0.005537809380124513770893290853791768313385546207427978515625,0.005543350572057075160981032269091883790679275989532470703125
0.005166443735665604553020102684968151152133941650390625,0.005313280021356741981974902699903395841829478740692138671875,0.0053756429850517657709207952621000004000961780548095703125,0.005570051173466004923451322383698425255715847015380859375
0.00558766389720564797538582268998652580194175243377685546875,0.005540034210287995454502496528448318713344633579254150390625,0.005399595704086158388934624241528581478632986545562744140625,0.005323884450510217754282127344822583836503326892852783203125
0.005608115977971642358845816289658614550717175006866455078125,0.00540659168485367776224581604083141428418457508087158203125,0.005457761816600734290638730072942053084261715412139892578125,0.005770367780083829334358824780792929232120513916015625
0.00539469433669768905215136101105599664151668548583984375,0.005241045672721357517875873099910677410662174224853515625,0.005358660130532928549118576455612128484062850475311279296875,0.00546133419593885192921955962219726643525063991546630859375
0.005473132461730488389217708089518055203370749950408935546875,0.00556606312056816786293378385153118870221078395843505859375,0.005307101625041217400624571354228464770130813121795654296875,0.005382960981068794781290165474274544976651668548583984375
0.00548936287874117988250244337677941075526177883148193359375,0.005350275620958438137220181118891559890471398830413818359375,0.0054468784688556891315780461582107818685472011566162109375,0.005481309290962590140272592265091589069925248622894287109375
0.00541390324917787567338134380179326399229466915130615234375,0.00541133332148139613304582695718636387027800083160400390625,0.005284328617166968167229157415931695140898227691650390625,0.005528593714028382476166623149538281722925603389739990234375
0.0054625485481378521779305401651072315871715545654296875,0.00540410480962273676031060176683240570127964019775390625,0.005580076053035479440034283271643289481289684772491455078125,0.0055213435179519466944331185231931158341467380523681640625
0.0053645589351306692538212672616282361559569835662841796875,0.005568268503794822181507395697508400189690291881561279296875,0.0053460923960741042748612272816899348981678485870361328125,0.00552986801582743166261213474399482947774231433868408203125
0.0055012556711606062920250082015627413056790828704833984375,0.005468289904847143702293355005394914769567549228668212890625,0.00549384879615519815254653934744055732153356075286865234375,0.005547302029337668194397537035911227576434612274169921875
0.005423114834384398959266082584917967324145138263702392578125,0.005309426590446906547848815449697212898172438144683837890625,0.005537052273198800160514121415644694934599101543426513671875,0.00545389031602213324168015873283366090618073940277099609375
0.00546063476854242481339785086902338662184774875640869140625,0.0055183517916586981300053338372890721075236797332763671875,0.0052647523967650523835093423485886887647211551666259765625,0.005448885099604933342221091407964195241220295429229736328125
0.0052842479290160816740584692752236151136457920074462890625,0.005566603955921160633291133734701361390762031078338623046875,0.00537527227463917289806971666621393524110317230224609375,0.0053893408940008692697976044883034774102270603179931640625
0.005380985905709990101131179329740916728042066097259521484375,0.0053510644860702734348922859908270766027271747589111328125,0.005491423729817645170425688405657638213597238063812255859375,0.00553829043132401423188415634513148688711225986480712890625
0.005329474297427065458687689414318811031989753246307373046875,0.005334065307619477447342859477430465631186962127685546875,0.005565002578084792157764315589929537964053452014923095703125,0.00552001718499598413580908840003758086822926998138427734375
0.005709983347551604755676368796457609278149902820587158203125,0.0053674962545525624346698378985820454545319080352783203125,0.00536062643584807145546999862517623114399611949920654296875,0.005385617148415113193682390857475184020586311817169189453125
0.005316501345450593864205846017512158141471445560455322265625,0.00542292713696435925430083813125747838057577610015869140625,0.005359489740429039528191168528792331926524639129638671875,0.00531881393870576625604318365958533831872045993804931640625
0.005443065480733946977232040609351315652020275592803955078125,0.00535696851587348470136173972377946483902633190155029296875,0.00532224000808895723879654582333387224934995174407958984375,0.005387682203068369819753957727925808285363018512725830078125
0.005426706529870943020166240700064008706249296665191650390625,0.005392981612505319717609797436352891963906586170196533203125,0.005475270123634434250858848969301106990315020084381103515625,0.00549022029008398339267049692580258124507963657379150390625
0.005300635201916282894518683832529859500937163829803466796875,0.005492226176768093444391372059953937423415482044219970703125,0.005599228236069620813497582645368311204947531223297119140625,0.005462750432674321442172438167972359224222600460052490234375
0.005432070416656877183403384634630128857679665088653564453125,0.005347826384183241611725012631950448849238455295562744140625,0.005438110573126511866626220381704115425236523151397705078125,0.00552110669467526828102510449980400153435766696929931640625
0.005558230555037958244002371799297179677523672580718994140625,0.0054533109667259209440981493344224872998893260955810546875,0.00528678949305766941735296171600566594861447811126708984375,0.0054631089281736051888049843228145618923008441925048828125
0.005472611999758211602518098715108862961642444133758544921875,0.005617483721630032143801170008146073087118566036224365234375,0.005522357569832212105531699108951215748675167560577392578125,0.00546897373346363728507935064726552809588611125946044921875
0.00548034190663143801203194271920438040979206562042236328125,0.00541253285709108501733144436229849816299974918365478515625,0.005548307197126282029608912438334300532005727291107177734375,0.005299619815353983319494712844743844470940530300140380859375
0.005441823537993435537518660538580661523155868053436279296875,0.00537700305941295197964535645951400510966777801513671875,0.005428563440521974765851087596502111409790813922882080078125,0.005409975679190752277658571500751349958591163158416748046875
0.005477755170368628877264338683517053141258656978607177734375,0.005510994421666227070788490749464472173713147640228271484375,0.00528481188840544506557517223654940607957541942596435546875,0.005290777962685971717859967355934713850729167461395263671875
0.0053106561484832816300016844479614519514143466949462890625,0.005460835164699677328481453031372438999824225902557373046875,0.005623609677472247471430311094309217878617346286773681640625,0.0054268867036859451402630583061181823723018169403076171875
0.00531072123619431325780571029326893039979040622711181640625,0.0052030870136516062240961133511518710292875766754150390625,0.005465198511570551649640936631158183445222675800323486328125,0.0053627922561043268878666623322715167887508869171142578125
0.00540590083026986321923512690545976511202752590179443359375,0.005291348122523876866540870622657166677527129650115966796875,0.005360343024537683569163970531690210918895900249481201171875,0.005294679001651016181373421431999304331839084625244140625
0.005278153740067259049040249152540127397514879703521728515625,0.0053638950098790182108299262608852586708962917327880859375,0.0053250902706099279004803292991709895431995391845703125,0.005374309790220900724666552861208401736803352832794189453125
0.005452607500496419422331140225423951051197946071624755859375,0.00535598256108242402884211941227476927451789379119873046875,0.00535690796375726772937664321716511039994657039642333984375,0.00521059965844606655382964532918776967562735080718994140625
0.0053163433028479978315061771354521624743938446044921875,0.00548249678164479392616925679249106906354427337646484375,0.00554302694666309984927732301684955018572509288787841796875,0.005268721159920963272027538693009773851372301578521728515625
0.005374230159358337095831803509327073697932064533233642578125,0.005430778506562442854710415218733032816089689731597900390625,0.00545036329457954278610021248141492833383381366729736328125,0.005499898204693498722506195264259076793678104877471923828125
0.005410298733051485849110395776051518623717129230499267578125,0.005384942336116175891358448524215418728999793529510498046875,0.005497731680798785026953456878118231543339788913726806640625,0.005669014293438343933539957930634045624174177646636962890625
0.00533759201015823227243206616776660666801035404205322265625,0.005473576341297521456741304035631401347927749156951904296875,0.005536571409430532560158599864053030614741146564483642578125,0.005540432585092178348340485882772554759867489337921142578125
0.005443104105360763340926144593368007917888462543487548828125,0.0054213597304054138292794817743924795649945735931396484375,0.005297786582093725292474939436715430929325520992279052734375,0.00531754528006845271492775140131925581954419612884521484375
0.005452596737794111921016071420353910070843994617462158203125,0.005341411842950450662714789729079711833037436008453369140625,0.00548847591519574518059698675642721354961395263671875,0.005543953790150654876989211317095396225340664386749267578125
0.00552831912504072632563723033172209397889673709869384765625,0.005563509963526315493798080069609568454325199127197265625,0.005401114243219600104251032490765283000655472278594970703125,0.00540562617333546248377107446003719815053045749664306640625
0.005523937746428591276381947494655832997523248195648193359375,0.005262355771754615753332817718046499066986143589019775390625,0.00531715351769669088144443236387814977206289768218994140625,0.005324946574210545104099967517186087206937372684478759765625
0.005477914637985079222837203616336410050280392169952392578125,0.005327333230049131722327881988121589529328048229217529296875,0.00533133874377851070536227240381776937283575534820556640625,0.0054209995413854010493093227296412806026637554168701171875
0.0054820198864757550827331300524747348390519618988037109375,0.005239201794906995883482903053618429112248122692108154296875,0.005365180181066945934442724563950832816772162914276123046875,0.00555587998777320492271858398680706159211695194244384765625
0.00545742626940116937195313084885128773748874664306640625,0.005355230856011823810380878541081983712501823902130126953125,0.0055753994651746192900976240025556762702763080596923828125,0.00536180038896169781914569085756738786585628986358642578125
0.005324969029815637515390402967341287876479327678680419921875,0.005350917660365828165680568417883478105068206787109375,0.005396166345471772700370660658109045471064746379852294921875,0.0055388091658478515177943535263693775050342082977294921875
0.005506419993562389723906758121074744849465787410736083984375,0.005403316187543825109551587360101621015928685665130615234375,0.005593214987661553234954414648427700740285217761993408203125,0.0052845275382692007137830358942665043286979198455810546875
0.005359006005923067951501881367448731907643377780914306640625,0.005480590569223419729338875328039648593403398990631103515625,0.005385274368790792832994984706829200149513781070709228515625,0.00541331002232617840286277299810535623691976070404052734375
0.0055017867812708655395059764714460470713675022125244140625,0.005372379740670138979774517196119631989859044551849365234375,0.0053660547799276349378860828664983273483812808990478515625,0.0052009396547345008998686211043604998849332332611083984375
0.0053095526747293335378952150449549662880599498748779296875,0.0054387709077368638632687947165322839282453060150146484375,0.005429339882020209513691089142639611964114010334014892578125,0.005352176025141945105156882078745184116996824741363525390625
0.0054152287088224705657868440766833373345434665679931640625,0.005632817889147084984557967146656665136106312274932861328125,0.005455298232841478654753242238939492381177842617034912109375,0.005554201051265798827483166633101063780486583709716796875
0.005199984204897918453613936407009532558731734752655029296875,0.005027160971175535959798441609791552764363586902618408203125,0.004854219365932460443502360902812142740003764629364013671875,0.004791290947564293654925560161927933222614228725433349609375
0.004804718861112851520378530523203153279609978199005126953125,0.00487275906846030941454994689365776139311492443084716796875,0.0050832285996288591178871030251684715040028095245361328125,0.0050668589982013727268661540392713504843413829803466796875
0.005154279313238369596150700857606352656148374080657958984375,0.004922960300844027303757144409246393479406833648681640625,0.004922767600953960841214662735865204012952744960784912109375,0.00480545191873649017721970011507437448017299175262451171875
0.00491564498325665344413692992020514793694019317626953125,0.004825713732961040523805618107644477277062833309173583984375,0.00492275662015830180184838837931238231249153614044189453125,0.00502350687666518365415146973873561364598572254180908203125
0.0048373498346088901478356802954294835217297077178955078125,0.0050065510169099124160307923148138797841966152191162109375,0.005121306447079539136968406864980352111160755157470703125,0.00493851727694581688066222113775438629090785980224609375
0.005017338313510525359129044176142997457645833492279052734375,0.0049018246710678288480256270531754125840961933135986328125,0.00495090028314158769884301136698923073709011077880859375,0.004931078981931865008736526334587324527092278003692626953125
0.0049760416277122299089086254753055982291698455810546875,0.00500578314420975674370328789564155158586800098419189453125,0.0049004323022065719717144105516126728616654872894287109375,0.004991075037044896862969967088474732008762657642364501953125
0.00484478189520345763063868815834212000481784343719482421875,0.004936502680175014999564009343657744466327130794525146484375,0.00484379216971617294895668948129241471178829669952392578125,0.004884226803273748925005026677581554395146667957305908203125
0.00484729577736307641611102070555716636590659618377685546875,0.0050225463279398203930714572607030277140438556671142578125,0.00512243424143065360920612505424287519417703151702880859375,0.005129043024034969124047567134994096704758703708648681640625
0.004800519203013788559208929740407256758771836757659912109375,0.004990479132807277250216682062955442233942449092864990234375,0.005138756911290385566426497376824045204557478427886962890625,0.005014361517331083518966838852293221862055361270904541015625
0.0049632532925605078732989028367228456772863864898681640625,0.00477729330330757540057362575680599547922611236572265625,0.004966556310974167866290063244605335057713091373443603515625,0.0049593947638442402447989110214621177874505519866943359375
0.0050017059176080506943673498199132154695689678192138671875,0.0050411800414180106544304038607151596806943416595458984375,0.004888868749854176354308066265730303712189197540283203125,0.004910060022852369247814419139785968582145869731903076171875
0.005055941981094698965681910607372628874145448207855224609375,0.004991821417184826199797686996362244826741516590118408203125,0.00481818102965465670795008890081589925102889537811279296875,0.00493863952694342626947854313357311184518039226531982421875
0.00506587701506916281146697400572520564310252666473388671875,0.004792694775063492673705667357353377155959606170654296875,0.004928562112385262601599311693689742241986095905303955078125,0.005104208830757310001724480486018364899791777133941650390625
0.00493368821195316366312599853927167714573442935943603515625,0.004893557451851248026042373595601020497269928455352783203125,0.004913342146995416069577000683921141899190843105316162109375,0.00503967635596619910332005787267917185090482234954833984375
0.004913732577424616450312289117619002354331314563751220703125,0.00499853464494651698879490453464313759468495845794677734375,0.004791455193123230101026610583403453347273170948028564453125,0.00507809583261404316745224463147678761743009090423583984375
0.00488745780596631929082462875157943926751613616943359375,0.00485964831577519011662769088388813543133437633514404296875,0.0050558341223591700408501736774269375018775463104248046875,0.00479467810926719785469263257482452900148928165435791015625
0.004955875779261567810884958618089513038285076618194580078125,0.00494377596229654027448763287111432873643934726715087890625,0.00501608980748159509477357431705968338064849376678466796875,0.0051003604569923623179850125097800628282129764556884765625
0.00502772401640748552165138818281775456853210926055908203125,0.00505902300741649553483814116816574824042618274688720703125,0.00499594631162844117489019168942832038737833499908447265625,0.005178051138423824840961717796972152427770197391510009765625
0.005070497632071084039007136112786611192859709262847900390625,0.00494403567594873215307327285472638322971761226654052734375,0.004822906331962356109299694395531332702375948429107666015625,0.005083870102541062328815879567400770611129701137542724609375
0.004916912426352245020499953653825286892242729663848876953125,0.00501910383533423799795603059692439273931086063385009765625,0.004854371248208383220201778129876402090303599834442138671875,0.00485339523614688496400138006947599933482706546783447265625
0.0048816575102742822134249678356354706920683383941650390625,0.00484444076139446157258650060839499928988516330718994140625,0.004774986702696978023430229853829587227664887905120849609375,0.004892660367799600736049558946660908986814320087432861328125
0.004974416966364477755979667250585407600738108158111572265625,0.004905204391221425729019411932085859007202088832855224609375,0.005250580067464563800705423801673532580025494098663330078125,0.00505128493000153895586823438179635559208691120147705078125
0.00488537303196184304054927594052060157991945743560791015625,0.0050300050941076528132622769362569670192897319793701171875,0.00491421829516493213763084213496767915785312652587890625,0.0048343020713697316959045480189161025919020175933837890625
0.005089301602701152942020978997561542200855910778045654296875,0.00483376329647878209827549511601318954490125179290771484375,0.004886894855903806296482105864242839743383228778839111328125,0.005173276588312927977419963809779801522381603717803955078125
0.0052023921322638562447782106801241752691566944122314453125,0.0049436726267988451155588336405344307422637939453125,0.004789716630900805842407930157378359581343829631805419921875,0.005027821331066541395149460669244945165701210498809814453125
0.004994561818055039299768527172318499651737511157989501953125,0.00487408440304111338636783301581090199761092662811279296875,0.004908005976074446101431458799879692378453910350799560546875,0.0050856155853129074440044377070080372504889965057373046875
0.004962518278400892580981551560626030550338327884674072265625,0.0051338611053061387889950850649256608448922634124755859375,0.004993136114540649116155801578997852629981935024261474609375,0.00488067156194472995256461445023887790739536285400390625
0.00482213415294345006112397555853021913208067417144775390625,0.00493004592231759651566047608639564714394509792327880859375,0.004928950336589855464597409451243947842158377170562744140625,0.00477027572321884162087624048353973194025456905364990234375
0.004763573295655478510857161467129117227159440517425537109375,0.005047029391438772639999488234252567053772509098052978515625,0.00497828157336674924360320204641539021395146846771240234375,0.0049994546991320894246957351469973218627274036407470703125
0.005010002052410179873564999297741451300680637359619140625,0.00497463627421446986931474754101145663298666477203369140625,0.005043576647952953580233970143353872117586433887481689453125,0.004842979328262831707763158561874661245383322238922119140625
0.004908112921201135403492799014202319085597991943359375,0.00491260880946287926962501302341479458846151828765869140625,0.004685210867661898474778592316170033882372081279754638671875,0.00505571457306415450450032267326605506241321563720703125
0.0050193874721491914259186017943648039363324642181396484375,0.004949586520460644810393002757109570666216313838958740234375,0.004746871998224677126343440392020056606270372867584228515625,0.0048982812165951732097379789365731994621455669403076171875
0.004871854579045997897523978537037692149169743061065673828125,0.004978210403998977774675527285808129818178713321685791015625,0.004998466701397985718913208330604902585037052631378173828125,0.00494040421766602129427514711323965457268059253692626953125
0.004966754880696084943625390195620639133267104625701904296875,0.004902714403740204320014672845218228758312761783599853515625,0.005065217260503543546257265717258633230812847614288330078125,0.00486336220368845974226790218608584837056696414947509765625
0.005009631350494116001914601810085514443926513195037841796875,0.00498225789044338084055052462417734204791486263275146484375,0.00491047415125368293120633467196967103518545627593994140625,0.0047867541888167199071180135661052190698683261871337890625
0.00480341436363578185020362099066915106959640979766845703125,0.0048728040381738994824001309780214796774089336395263671875,0.004979615466623108811783371407955200993455946445465087890625,0.0047450456921024654344254400939462357200682163238525390625
0.005156777236698851900331685982337148743681609630584716796875,0.004737725165298502238986344536897377111017704010009765625,0.0049937597262463030711732159261373453773558139801025390625,0.005078572847270060482138820390218825195915997028350830078125
0.00475791992089217956329871839216139051131904125213623046875,0.004851065119274717597763757481743596144951879978179931640625,0.00503726950913955216770911960111334337852895259857177734375,0.004949185819516665509054664795485223294235765933990478515625
0.00482091582233088421227673592284190817736089229583740234375,0.00505179442729758974850451380689264624379575252532958984375,0.00492561443157708313267395539014614769257605075836181640625,0.00486536064605563693674650238563117454759776592254638671875
0.00507041447473266342071962498039283673278987407684326171875,0.004957993823634122658450262832730004447512328624725341796875,0.004936739925601185859094233165933474083431065082550048828125,0.004767395031806484322067785086574076558463275432586669921875
0.00501096725314242007198739514706176123581826686859130859375,0.004932102194183826844586793214375575189478695392608642578125,0.00483135387496748391900069918847293592989444732666015625,0.004887276455502805039277092191696283407509326934814453125
0.004891524015708377699784836778462704387493431568145751953125,0.004923158494692264110226265216851970762945711612701416015625,0.00499214350443765060572065550559273106046020984649658203125,0.004957924483561267255116167262940507498569786548614501953125
0.004948988963122483326906309031301134382374584674835205078125,0.004795600965566827571240349215031528729014098644256591796875,0.00495128221883610504516770589589214068837463855743408203125,0.004988405443640099058699721723542097606696188449859619140625
0.004793955354568763156664079616575691034086048603057861328125,0.005055157020212465608655083570965871331281960010528564453125,0.004901061761196918824257107161201929557137191295623779296875,0.00509253232922719789588228422871907241642475128173828125
0.004919495305714381185036021548739881836809217929840087890625,0.00479560369106017507501160679339591297321021556854248046875,0.004927010218952514002122011760320674511604011058807373046875,0.005030535800666484542997825002430545282550156116485595703125
0.00501008228607448431735083005378328380174934864044189453125,0.00514655767517922281550912799730213009752333164215087890625,0.00495735672494494912510010209416577708907425403594970703125,0.004973664511048325222175581217243234277702867984771728515625
0.004933920489493669181424451153361587785184383392333984375,0.004962515784378947018840033678088730084709823131561279296875,0.004723421036380790090369874434372832183726131916046142578125,0.00493414380608304947717357435976737178862094879150390625
0.0049011444471785507726036001940883579663932323455810546875,0.004942599125496016133907151157700354815460741519927978515625,0.004907427514950968815143905743525465368293225765228271484375,0.004960528313150165159728377517467379220761358737945556640625
0.0049886239050292539853881379485756042413413524627685546875,0.00500057517639323871605494531422664294950664043426513671875,0.00509262316136331605331832861338625662028789520263671875,0.004990888933633876554940567160656428313814103603363037109375
0.004918921739360819674058422634743692469783127307891845703125,0.004926197890045939074832315185403786017559468746185302734375,0.004795761580218112218876314045701292343437671661376953125,0.00480821082231397932404970418929224251769483089447021484375
0.00475898814893030257244799230420539970509707927703857421875,0.004950420190501277593886353400876032537780702114105224609375,0.004896009627330450385274129843082846491597592830657958984375,0.00494506100641675140627828710648827836848795413970947265625
0.005041056390321493364814475768298507318831980228424072265625,0.005031498082661429484263582168068751343525946140289306640625,0.00478552003046605299585447568233576021157205104827880859375,0.004942657825147809928789666145121373119764029979705810546875
0.004899202111970958617437332804911420680582523345947265625,0.004881685597286140876338578209470142610371112823486328125,0.004793719539469917627350081801296255434863269329071044921875,0.004860318524372281463741263252131830086000263690948486328125
0.004776680990432882571716799446903678472153842449188232421875,0.00485365100586873481069982716462618554942309856414794921875,0.004928015478192139531277149444576934911310672760009765625,0.004731586514434788469374293384817065089009702205657958984375
0.004975122188755900891343753045248377020470798015594482421875,0.004983991939686409529397526085858771693892776966094970703125,0.0049880970353697352825950162014123634435236454010009765625,0.00487783788258312756003221011269488371908664703369140625
0.00510399390178502276871341791775193996727466583251953125,0.00492620428160307245735172188005890347994863986968994140625,0.0048749302582425414753775072540520341135561466217041015625,0.00486165879588663918386970408391789533197879791259765625
0.004734445989576912920682172369879481266252696514129638671875,0.004874642968531842611434878875797949149273335933685302734375,0.00490871458392771152501321552108493051491677761077880859375,0.004794247861693918220937771224043899565003812313079833984375
0.004711947789297839077338192481647638487629592418670654296875,0.00486570304143873165469980079933520755730569362640380859375,0.0046774984721830899225825106668708031065762042999267578125,0.0047845478239429140021599096144200302660465240478515625
0.00485773464304856301965163112299705971963703632354736328125,0.004883728742786233069372858750512023107148706912994384765625,0.00491323588363532480494111354119013412855565547943115234375,0.004834270057564533755456448460563478874973952770233154296875
0.0047935845516886670114597990277616190724074840545654296875,0.00477788217580416181562430466556179453618824481964111328125,0.004658317266531268770191065442531908047385513782501220703125,0.004946599199292933159155527533812346518971025943756103515625
0.004653322127731617484369674997424226603470742702484130859375,0.004845425045863056834338777889570337720215320587158203125,0.0048706371027477692037255252444083453156054019927978515625,0.00461472547484716166810159165834193117916584014892578125
0.004748686904503967610990944336890606791712343692779541015625,0.004826496748179669692146998016823999932967126369476318359375,0.004824038257919019585806541527972512994892895221710205078125,0.004826651539381687262830755713594044209457933902740478515625
0.004992519199891467911178732919097456033341586589813232421875,0.00497275453385054473642856720516647328622639179229736328125,0.004932447737337885586283992012113230885006487369537353515625,0.004878382652973020823516936417263423209078609943389892578125
0.004751523265132698466139959947440729592926800251007080078125,0.004878720319927147726357663515273088705725967884063720703125,0.00498929455282469229426833834395438316278159618377685546875,0.00484084231845567647400940813895431347191333770751953125
0.004900251930264306991780198785590982879512012004852294921875,0.005022733397052081029399150935432771802879869937896728515625,0.004929795488766331064411918561063430388458073139190673828125,0.005074624619468532694954721051772139617241919040679931640625
0.0046938683840751782572198180787381716072559356689453125,0.00491671582079160514322513364504629862494766712188720703125,0.004662893630005856930587082587180702830664813518524169921875,0.004948136664645803352302610988999731489457190036773681640625
0.00468710104717205526536627502309784176759421825408935546875,0.00481473983124833422586608122628604178316891193389892578125,0.0048232397563765135040103615438056294806301593780517578125,0.004949691089153597685357244273518517729826271533966064453125
0.004582810159267493820001160287347374833188951015472412109375,0.004772713707485699841104320739759714342653751373291015625,0.00485110154985098594726533605125950998626649379730224609375,0.004831363905192690745560302190142465406097471714019775390625
0.004694462479492623498134040715967785217799246311187744140625,0.00483566627326745442083666404187169973738491535186767578125,0.004693218179167864441414526055496025946922600269317626953125,0.004828871848200439777232251259420081623829901218414306640625
0.004911784483096142718550058958726367563940584659576416015625,0.00500631708120659497940341253752194461412727832794189453125,0.00483104764618841851786523733380818157456815242767333984375,0.00471660163029865263373263672974644578061997890472412109375
0.0048816101014781086708804735962985432706773281097412109375,0.00485517414413075797108287900982759310863912105560302734375,0.004743177679362623778980267985616592341102659702301025390625,0.00486565380652899392988075533139635808765888214111328125
0.00498083685357277039518208994195447303354740142822265625,0.00475106835430122616259485113232585717923939228057861328125,0.0047563893141578349188502983224680065177381038665771484375,0.00486288646924594621101523017614454147405922412872314453125
0.0047937847888410711760798221803270280361175537109375,0.004897884015748401632939224015217405394650995731353759765625,0.004745618594336272096090301175763670471496880054473876953125,0.004803321563492972921805002073369905701838433742523193359375
0.004846639320720943534814839637192562804557383060455322265625,0.0048545185102475650607001256275907508097589015960693359375,0.004811740454818964722594198946126198279671370983123779296875,0.00487329157333794664441750654759744065813720226287841796875
0.00484221639180748564257328325766138732433319091796875,0.004938067331207896155931269532857186277396976947784423828125,0.004861462429445508222347616111846946296282112598419189453125,0.004891252200445083721247474528581733466126024723052978515625
0.005000044550827091767442045266989225638099014759063720703125,0.005002614089233040940707386567964931600727140903472900390625,0.00476040455175848718771813850025864667259156703948974609375,0.0046636724604608610633693643876540591008961200714111328125
0.00470541553699932446619413894950412213802337646484375,0.00484948137707621844405547761880370671860873699188232421875,0.00482885590265559085099145164576839306391775608062744140625,0.004827886562587356024389695363652208470739424228668212890625
0.004792321111697367928827784311351933865807950496673583984375,0.004751905398162303319209431862191195250488817691802978515625,0.005039494304950831345124573346083707292564213275909423828125,0.0047232388267754756017158257463961490429937839508056640625
0.004982432374162863199240636191689191036857664585113525390625,0.0048772448285060755746034288904411369003355503082275390625,0.00478722026630445766925969763860848615877330303192138671875,0.004972417600394481336512075841937985387630760669708251953125
0.004874740261618580768054886931395230931229889392852783203125,0.004915673363710518044278341420749711687676608562469482421875,0.00494567143555108522379182289796517579816281795501708984375,0.00480512046412065983724826168099752976559102535247802734375
0.00487038959291839768095400131642236374318599700927734375,0.00490738915747025196412156589076403179205954074859619140625,0.0048496896384608474683819423489694599993526935577392578125,0.0049055538710218900277926223907343228347599506378173828125
0.004873731075733759611490203411676702671684324741363525390625,0.005007782440340106076825943404173813178203999996185302734375,0.004952011272448914210031478688733841408975422382354736328125,0.00496595547475081090793569416064201504923403263092041015625
0.00503014851169548103670958738575791358016431331634521484375,0.004714332313314902565826169933416167623363435268402099609375,0.004997684841640649168470478258541334071196615695953369140625,0.004887389877068726469488968433552145143039524555206298828125
0.004761217785797362822552969419120927341282367706298828125,0.004960923052625794242576073855843787896446883678436279296875,0.00499681002098063646588155251038187998346984386444091796875,0.004839769460107604635845657270465380861423909664154052734375
0.004734089454891759161936359845412880531512200832366943359375,0.004781745392837855566925409078748998581431806087493896484375,0.004733045314658739129154430003154629957862198352813720703125,0.004829650900361008407368768047263074549846351146697998046875
0.0048894059715546105138184174165871809236705303192138671875,0.004892319799144786811317953123534607584588229656219482421875,0.00487925437092631524016450583758341963402926921844482421875,0.005014290464964530659452979222123758518137037754058837890625
0.00486004044372817349539683817738477955572307109832763671875,0.005017478728018837617896874547795960097573697566986083984375,0.0049639221944094806537872699436775292269885540008544921875,0.004744713574841485405342300651909681619144976139068603515625
0.00498392819981014444097322524385162978433072566986083984375,0.004834275990517900196963285708307012100704014301300048828125,0.004952568723156767181714510428491848870180547237396240234375,0.00483972238159723934514122589689577580429613590240478515625
0.004674387251424477925099143504894527723081409931182861328125,0.004812860300801216802135673589191355858929455280303955078125,0.004858589040525491779820566051739660906605422496795654296875,0.004888740650780716567869177424654481001198291778564453125
0.004799195923804125234191086946111681754700839519500732421875,0.004959371191959415121897070122258810442872345447540283203125,0.005014103792790484091790315090975127532146871089935302734375,0.0049197930042990979659922601285870769061148166656494140625
0.00483564923486883881109665850317469448782503604888916015625,0.004876853839851057192955607888507074676454067230224609375,0.0048995368524723491299166511225848807953298091888427734375,0.004824518171670839732090296791966466116718947887420654296875
0.004843203569203909618356984623233074671588838100433349609375,0.004829190849116364592230610242040711455047130584716796875,0.004774400674272895155059170946287849801592528820037841796875,0.004751563384569034050042279915260223788209259510040283203125
0.00491958125086923263313831711229795473627746105194091796875,0.004932697713819360167686323137559156748466193675994873046875,0.004932184007267617111003321639373098150826990604400634765625,0.00480159635953547429820797987076730350963771343231201171875
0.00469445260669922904972484190011527971364557743072509765625,0.004779364966180878714074875546202747500501573085784912109375,0.00489654970106588073586184606256210827268660068511962890625,0.004911854632374955571816332877688182634301483631134033203125
0.004995141235616902541938344484151457436382770538330078125,0.0049604274188347931284770453430610359646379947662353515625,0.004675810828162439529431804174919307115487754344940185546875,0.004923424476787132374189237538075758493505418300628662109375
0.004934355666983952955206849111391420592553913593292236328125,0.004875972918374845040123677364363175001926720142364501953125,0.00471546028653892744519904312028302229009568691253662109375,0.004870222547515032883447272382682058378122746944427490234375
0.004774753355927279473147617494532823911868035793304443359375,0.004826759160855508511145384176188599667511880397796630859375,0.00468484924785077770648111794571377686224877834320068359375,0.00483933684251913222296170857816832722164690494537353515625
0.004905234498022826607199764481492820777930319309234619140625,0.00481533384334677239113631230793544091284275054931640625,0.004766154054186506720813820692228546249680221080780029296875,0.004861910028099487683650448133221289026550948619842529296875
0.00472337611418325274692531223763580783270299434661865234375,0.004998903375693311383620720533826897735707461833953857421875,0.00487020460276001154742431253907852806150913238525390625,0.00480302575878784228369244857503872481174767017364501953125
0.004731388512736544628423107639036970795132219791412353515625,0.004898776822450100730532707160591598949395120143890380859375,0.004651107677987876588832083513125326135195791721343994140625,0.00491709580210577569536756215029527083970606327056884765625
0.00474542498223495985698594523682913859374821186065673828125,0.004998963881833758289563451882031586137600243091583251953125,0.004809011399241926165704086315599852241575717926025390625,0.004705439229999508650437167744939870317466557025909423828125
0.004901209447604378162399729745857257512398064136505126953125,0.00485634736632454579174922315587537013925611972808837890625,0.0046312352034873181805263442356590530835092067718505859375,0.004702041517765642546222704112324208836071193218231201171875
0.004623848040461959151004034396237329929135739803314208984375,0.00480266922909118772200276481498804059810936450958251953125,0.004790746397726676486517050079783075489103794097900390625,0.004649161998393845640631383275831467472016811370849609375
0.00499911165695121097185538161511431098915636539459228515625,0.004896992278423605536585849762332145473919808864593505859375,0.004823327841654542584570730667792304302565753459930419921875,0.00482343867474186414889825158525127335451543331146240234375
0.004734022002560448437458173742697908892296254634857177734375,0.00477032383234715466613362622183558414690196514129638671875,0.00477443976019154003864741753204725682735443115234375,0.004639875980294393305325417742324134451337158679962158203125
0.00465079053884392794315782992953245411626994609832763671875,0.00482736697740468977124717042670454247854650020599365234375,0.004930681249296436051421377300130188814364373683929443359375,0.0048597766092247363101108703631325624883174896240234375
0.004767405043459770237757044952786600333638489246368408203125,0.004758701523668250853160710533984456560574471950531005859375,0.004593970871885360955644284075560790370218455791473388671875,0.0047708071425607949389569029108315589837729930877685546875
0.005008325144365764237941451852975660585798323154449462890625,0.0048867655573577480077052115348124061711132526397705078125,0.004827207050431359634801165015005608438514173030853271484375,0.0046866899995355627839277445900734164752066135406494140625
0.004628932157157914818734756323692636215128004550933837890625,0.00477249871067517671130442380444947048090398311614990234375,0.004704023466694851919600584011504906811751425266265869140625,0.004872706889857324197290466827325872145593166351318359375
0.004989053366018673940640582031846861355006694793701171875,0.004802943112592514794678688616613726480863988399505615234375,0.00478295135914536158339149807261492242105305194854736328125,0.00474118917272011060337622012639258173294365406036376953125
0.004863958513381390173779816876731274533085525035858154296875,0.004737012082649862294847498134231500444002449512481689453125,0.004744137671365174224735739016978186555206775665283203125,0.0046224097871000631443383355190235306508839130401611328125
0.004812389105854061009670541437799329287372529506683349609375,0.004812507588360403522342867432826096774078905582427978515625,0.0049002471990957606473582330863791867159307003021240234375,0.004839550137189428842543481579241415602155029773712158203125
0.00486195449876046514869898373945034109055995941162109375,0.00459975612339411261964006172320296172983944416046142578125,0.00470166138452038882833416977291562943719327449798583984375,0.00475076331836677724640427555868882336653769016265869140625
0.004670497062436215936209737975559619371779263019561767578125,0.004882438210708372854085279612945669214241206645965576171875,0.004665587410358698096379814757028725580312311649322509765625,0.004758766965951454451511093424187492928467690944671630859375
0.004616194799718746633043764404646935872733592987060546875,0.0047910703133843719758733215030588326044380664825439453125,0.00482588028554229754585325196103440248407423496246337890625,0.004663500765997328177669967175233978196047246456146240234375
0.004810884961139812350527922291121285525150597095489501953125,0.004602801674316454351443272940969109185971319675445556640625,0.004726635499733579902359448254856033599935472011566162109375,0.004806075274031236001237576971334419795311987400054931640625
0.004929227318074959167393256365130582707934081554412841796875,0.004665698665495185241958164823472543503157794475555419921875,0.00472388790713979163371494252032789518125355243682861328125,0.00467651865693425629333379589525065966881811618804931640625
0.00469488895296273252288887789518412319011986255645751953125,0.004747073282719675886565102729264253866858780384063720703125,0.0047177801422575056655706049468790297396481037139892578125,0.004860224662775937225223099602544607478193938732147216796875
0.00488294123936653702566790258288165205158293247222900390625,0.00465407066561140773941485093700975994579493999481201171875,0.004893065628386531439042439473041667952202260494232177734375,0.0047767336458579175151317741665479843504726886749267578125
0.004626828905439048754411057728930245502851903438568115234375,0.00477835010494189089957917104811713215894997119903564453125,0.004786929414827087274353356605161025072447955608367919921875,0.004845663087177580312381319771475318702869117259979248046875
0.004717803612778788228954152117466946947388350963592529296875,0.004766220364833192134346173673975499696098268032073974609375,0.004837432883448984123619940334037892171181738376617431640625,0.004848328291620461992506019299753461382351815700531005859375
0.00474721224018890934626124789019741001538932323455810546875,0.004703008028615627937607523989527180674485862255096435546875,0.004835372246128581165403037545047482126392424106597900390625,0.004752908863915230285035473656307658529840409755706787109375
0.004807257194516669808470599178917836979962885379791259765625,0.00472860493457654025573067002596872043795883655548095703125,0.004976297206382505888822009865180007182061672210693359375,0.00470174738370546414778505805998065625317394733428955078125
0.00484968781966140134731535482615072396583855152130126953125,0.004986101104727047074460788422811674536205828189849853515625,0.004721614985118696532218063310892830486409366130828857421875,0.00488821285558536933191220441585755906999111175537109375
0.00484720917584209078088353095381535240449011325836181640625,0.004837167165892734300991495643984308117069303989410400390625,0.00471466838238382597581210831094722379930317401885986328125,0.004895723583005175648386053666172301745973527431488037109375
0.004866693810175816252427960506565796094946563243865966796875,0.0046682986164765620518135591510144877247512340545654296875,0.004812278769795703438350020775260418304242193698883056640625,0.004766221735049741732581640718535709311254322528839111328125
0.004707659008401717144753906296728018787689507007598876953125,0.004781641512392793662289403044951541232876479625701904296875,0.00478823209809142898152334311134836752898991107940673828125,0.00497341102134541378221310736762461601756513118743896484375
0.004766591078863481427407844392973856884054839611053466796875,0.004856965148796187591029305252732228836975991725921630859375,0.004815475418162492964035958920021585072390735149383544921875,0.00478647834811179138936321209030211321078240871429443359375
0.004771347052222326724779666307085790322162210941314697265625,0.0047939802509062399982209257132126367650926113128662109375,0.004713879447899356305018425672415105509571731090545654296875,0.00454932799782684950395950096435626619495451450347900390625
0.004797410605253384086044121659142547287046909332275390625,0.00455055056253274477218173643677801010198891162872314453125,0.0045756950845542536387977605727428453974425792694091796875,0.004655114196378306971879634801325664739124476909637451171875
0.0049923418898391129505665020360538619570434093475341796875,0.004803230945024736762982708881963844760321080684661865234375,0.004398752845693965941864522761761691072024405002593994140625,0.004820045792104039709957685744257105397991836071014404296875
0.004865579754591915946637659118323426810093224048614501953125,0.0047411443082676363314220679967547766864299774169921875,0.00463640052894261078808568754539010114967823028564453125,0.0047219645197232630595696178943398990668356418609619140625
0.00468191734082452383491901315437644370831549167633056640625,0.004748027908902534115209714826733033987693488597869873046875,0.0048171728012079417791113655766821466386318206787109375,0.00476105694542713377137577168696225271560251712799072265625
0.004725132361222701866954043481428016093559563159942626953125,0.004650940775361371570806312547574634663760662078857421875,0.00487184815498862243410282957256640656851232051849365234375,0.0046370758004129208895705005488707683980464935302734375
0.004791727928434201012886095583098722272552549839019775390625,0.004672930002275134560296709906879186746664345264434814453125,0.0047229854549107504191329809373200987465679645538330078125,0.004754812494415013891801979895035401568748056888580322265625
0.004819649802666550915397625232117206905968487262725830078125,0.0048281662841696861010465369190569617785513401031494140625,0.004830413907756503193169361765058056334964931011199951171875,0.004820181718115323921125536799081601202487945556640625
0.00487211370658474120232117599016419262625277042388916015625,0.0046607439043196870198659809148011845536530017852783203125,0.004780734856848771648085705265884826076216995716094970703125,0.00482939062925274477378057014220757992006838321685791015625
0.00480499278795541197306651071130545460619032382965087890625,0.004702284641404729827185438040260123671032488346099853515625,0.004776911233973416166798120485736944829113781452178955078125,0.004767253471415555839130195892039409955032169818878173828125
0.00470085875373692750611720470033105812035501003265380859375,0.004834618812303465539004232454090015380643308162689208984375,0.004884243148158030900507498017759644426405429840087890625,0.0048623939695660485516004456485461560077965259552001953125
0.004702192032889148005925239459656950202770531177520751953125,0.004733188367491270205633657752741783042438328266143798828125,0.004977766779896491793067081488288749824278056621551513671875,0.00466636113350244775832553756345077999867498874664306640625
0.004633418687148412214160675404173161950893700122833251953125,0.004801195026995116500734273046191447065211832523345947265625,0.00475984236239682632907399550958871259354054927825927734375,0.00497858241226699187176318872616320732049643993377685546875
0.00475419649183622498866963468344692955724895000457763671875,0.004693073965400719298191045680823663133196532726287841796875,0.0046909645371173668004782797424923046492040157318115234375,0.004791113219521993087102185171488599735312163829803466796875
0.004805088410370052069697788255098203080706298351287841796875,0.004680137533903943637680900025088703841902315616607666015625,0.00475892214696054492717447459426693967543542385101318359375,0.00485060065931604278421929166142945177853107452392578125
0.00478134285925644990367100461980953696183860301971435546875,0.004568695268428741261546033314289161353372037410736083984375,0.004821032310394063151448573734114688704721629619598388671875,0.00460634394958435271216767858959428849630057811737060546875
0.004642014874835767059002566981007475988008081912994384765625,0.0049709472640058101344795460363457095809280872344970703125,0.004631558657083104969809372875033659511245787143707275390625,0.00473075739294937132328744411324805696494877338409423828125
0.00458617967886101700336620723419400746934115886688232421875,0.00483688772741453464065752854139645933173596858978271484375,0.004807619421449999853879209155138596543110907077789306640625,0.00490070337883767061237794138151002698577940464019775390625
0.004782733297319741692932293375406516133807599544525146484375,0.004667679120783156145046977059109849506057798862457275390625,0.004719165613815694444721504652306975913234055042266845703125,0.004688942021325448981927674907410619198344647884368896484375
0.004911148589006964458592019440175135969184339046478271484375,0.00485481171899872394892572202707015094347298145294189453125,0.00482499161356232143804678713649991550482809543609619140625,0.00473370143084216911388839577057296992279589176177978515625
0.004948022417206202581974050502822137787006795406341552734375,0.004860533255130229657314799851519637741148471832275390625,0.004505471569839374947064047916001072735525667667388916015625,0.004839882939863982859451940754524912335909903049468994140625
0.004965449732920827578819267245080482098273932933807373046875,0.005052028805424151058911519385219435207545757293701171875,0.00506351936998000913547901546962748398073017597198486328125,0.004879150755035420970739945545346927247010171413421630859375