0.005543462827846894203087657615469652228057384490966796875,0.005405030485229456345408483031178548117168247699737548828125,0.00560399434518138277183663120695200632326304912567138671875,0.005682926797790564983625660744337437790818512439727783203125
0.005461753458558811329115467714245824026875197887420654296875,0.0053726261154398470554216515893131145276129245758056640625,0.00525418034399689759528229160423506982624530792236328125,0.005459949321696148417937255459264633827842772006988525390625
0.005483907546654267529950832482654732302762567996978759765625,0.0055891535249313305244722727138650952838361263275146484375,0.005362842443829229054086393801981103024445474147796630859375,0.005401384957300578611161245845551093225367367267608642578125
0.00538945628792359028580438717881406773813068866729736328125,0.00541014239369447431926563041315603186376392841339111328125,0.005338758745549488336779031527612460195086896419525146484375,0.005502011572136043630887325406320087495259940624237060546875
0.00529858694135730556862284856833866797387599945068359375,0.00550228558656868337040091176959322183392941951751708984375,0.0055516336451253804618044540575283463113009929656982421875,0.00543156385086067394762920912398840300738811492919921875
0.00559071861020380388163086848862803890369832515716552734375,0.005305256292151671292101067223256904981099069118499755859375,0.0054668192875629538496351500498349196277558803558349609375,0.005251369266581752855149733960615776595659554004669189453125
0.00562922601525699117797074677582713775336742401123046875,0.005338077565160625863327492623966463725082576274871826171875,0.005225170808672358578605976475728311925195157527923583984375,0.00546400052138680016045046983208521851338446140289306640625
0.00547869137593907928884817692960496060550212860107421875,0.0054770215976418269721026632623761543072760105133056640625,0.00528640028942450011795184394713942310772836208343505859375,0.005333360794997833720376689825570792891085147857666015625
0.0054101437945364740100817613210892886854708194732666015625,0.005640557416419829210585401568778252112679183483123779296875,0.00545531058645266388185124384335722425021231174468994140625,0.005521897838943481094664544883698908961378037929534912109375
0.005459659488836269593259320487277364009059965610504150390625,0.005389819001949562593534182042276370339095592498779296875,0.00546349242338695605114562425796975730918347835540771484375,0.005310811292445317445543029322152506210841238498687744140625
0.005404013566322034452238387558509202790446579456329345703125,0.005410585193221825565934590684946670080535113811492919921875,0.005346302268168560967165348074559005908668041229248046875,0.00530670184475701654791546246769939898513257503509521484375
0.005558225534004153367551026576620643027126789093017578125,0.00540708717759975747430001291604639845900237560272216796875,0.00546325102833872082441768469607268343679606914520263671875,0.005554971788937269373820360129911932745017111301422119140625
0.005335552989569087613264120051326244720257818698883056640625,0.005432282715760703394047848036052528186701238155364990234375,0.005261522858534421753784471320614102296531200408935546875,0.005425840682463643240007744594777250313200056552886962890625
0.0054297984513845438947488020176024292595684528350830078125,0.005387579339324163364699504796817564056254923343658447265625,0.0053814369583080300107891247307634330354630947113037109375,0.005481045607646013728686540389389847405254840850830078125
0.00550615993729392481925710711720967083238065242767333984375,0.00535546962924596768595986162608824088238179683685302734375,0.00549850291062904845962311384255372104234993457794189453125,0.00539385252450464390550077808939022361300885677337646484375
0.005391967932476042675571381579402441275306046009063720703125,0.005445072120841390299339490610464054043404757976531982421875,0.0052764060515038992138503459727871813811361789703369140625,0.00530105532718894156829492203542031347751617431640625
0.005543210116501592031601486354475127882324159145355224609375,0.005316880837215276663088037167881338973529636859893798828125,0.005590524099886682619919842096578577184118330478668212890625,0.005308934712660668721329049191126614459790289402008056640625
0.005288852501471882384953548950079493806697428226470947265625,0.00553482019388183872632414050940496963448822498321533203125,0.005360600016832102639174895131191078689880669116973876953125,0.005300447490562152329240941384114194079302251338958740234375
0.005534695308460075256762333850701907067559659481048583984375,0.005430711231934210077298974539417031337507069110870361328125,0.005281185294557081723321179111962919705547392368316650390625,0.00549823178381840700634786145428734016604721546173095703125
0.00525127799522694289902080555521024507470428943634033203125,0.005231590493490864864079004092900504474528133869171142578125,0.005373590288725002377112627272026657010428607463836669921875,0.005330114140852454211738642442242053220979869365692138671875
0.005271905867539616007133584929533753893338143825531005859375,0.005338299315411405669695721343259720015339553356170654296875,0.0053016847275172730713510560462964349426329135894775390625,0.00544871196284578938884290977284763357602059841156005859375
0.0054720031902944221702256299977307207882404327392578125,0.005434530819419470561160157018321115174330770969390869140625,0.0054137304771809495462786543384936521761119365692138671875,0.00517382994433390752675450130482204258441925048828125
0.0054939744466588648352800561269759782589972019195556640625,0.0055213494651424992187838114432452130131423473358154296875,0.005432557709567686042573253502041552565060555934906005859375,0.005484910136798352986442495193841750733554363250732421875
0.00551183086857530944724370414178338251076638698577880859375,0.00562736727241062127669035675125996931456029415130615234375,0.00554471854830055656260245910971207194961607456207275390625,0.005519289251733579433623066989866856602020561695098876953125
0.00545074555181491136879312620067139505408704280853271484375,0.005324291337861378724249927785194813623093068599700927734375,0.00539583518450463713034270796242708456702530384063720703125,0.0054362601929095200059549597426666878163814544677734375
0.005339912585473835689164889828361992840655148029327392578125,0.005427601603585977853294597395006348961032927036285400390625,0.005283404370512262589187901795639845659025013446807861328125,0.005230423189393761627952184056766782305203378200531005859375
0.0055202112687644418198562590305300545878708362579345703125,0.005511053307463593779746968692734299111180007457733154296875,0.005398121533811588330931119372735338401980698108673095703125,0.00551575840433702994924924922770514967851340770721435546875
0.005463761780906173197436270783100553671829402446746826171875,0.0054930084579469413974539548917164211161434650421142578125,0.005385981487020084605699121738098256173543632030487060546875,0.005430314041726604264159750101725876447744667530059814453125
0.0054775486339725155959801128346953191794455051422119140625,0.00518361957844632077752056176223049988038837909698486328125,0.00545792322018975005482044338123159832321107387542724609375,0.005556159544130487813740071345591786666773259639739990234375
0.005526741831423038868453812000325342523865401744842529296875,0.00546899462288439990043098504202134790830314159393310546875,0.005353456417442947756768489853129722177982330322265625,0.005427979860574858213262405826071699266321957111358642578125
0.00548508071540414372802008102780746412463486194610595703125,0.005526832709058927643741565560731032746843993663787841796875,0.00542567418560792845416695939775308943353593349456787109375,0.0054350666951725017106422654933339799754321575164794921875
0.005343134082008038632238822174258530139923095703125,0.00554786576003964658487799255226491368375718593597412109375,0.00521713167223377023706820665438499418087303638458251953125,0.005498622494130145539614762384417190332897007465362548828125
0.0053818421492186352406150717797572724521160125732421875,0.005440694132858191721380247685146969160996377468109130859375,0.00554038218226763669316259353081477456726133823394775390625,0.005425671909663121704470167827594195841811597347259521484375
0.00548995400169935941769860932026858790777623653411865234375,0.005322798315849828175438940291996914311312139034271240234375,0.00529579852842002214707850527020127628929913043975830078125,0.005235113273296072844420478986648959107697010040283203125
0.0054833369442863384712882890426044468767940998077392578125,0.005467394981211111913699252085052648908458650112152099609375,0.005136347823026515303779238053039080114103853702545166015625,0.005503613555509768474893750322962659993208944797515869140625
0.005379777988332948117367049434278669650666415691375732421875,0.005500322352410013694579138388007777393795549869537353515625,0.005256265773635603044677822026642388664186000823974609375,0.005359615440535128207122372856474612490274012088775634765625
0.005492813602976994759308215776627548621036112308502197265625,0.005308453701723002925161321030600447556935250759124755859375,0.005369488433057599714726126904906777781434357166290283203125,0.005375227208111395087175576890103911864571273326873779296875
0.00526835554311430066809496253199540660716593265533447265625,0.00539060240231480254646800887030622106976807117462158203125,0.005315871797071692293756850489216958521865308284759521484375,0.0054016711766422358109718260266163269989192485809326171875
0.005524905640716802623924053250448196195065975189208984375,0.005371441609177581011369539965016883797943592071533203125,0.005468576466033980669478875569211595575325191020965576171875,0.005569655890321223608296907769954486866481602191925048828125
0.005334831853524392604459780642400801298208534717559814453125,0.00548157966914230611321645625366727472282946109771728515625,0.005262993037251335361192960959897391148842871189117431640625,0.00554169591858111147686383191057757358066737651824951171875
0.0053224397718029635429015655745388357900083065032958984375,0.005257162670578474812643765545772112091071903705596923828125,0.005415045126951152122674049138595364638604223728179931640625,0.00542192181219506956491027693800788256339728832244873046875
0.005394540098052742760348365891331923194229602813720703125,0.00554851138470826600601615297136959270574152469635009765625,0.005490257079631828164567597383438624092377722263336181640625,0.00550519022428304534433340933219369617290794849395751953125
0.005504017150859598188350485514774845796637237071990966796875,0.005576516222586250758064263521873726858757436275482177734375,0.005429701376010420167672609892406399012543261051177978515625,0.005434565035500706249582680840148896095342934131622314453125
0.00528481146793765947655696635365529800765216350555419921875,0.005451168144702092481501676246580245788209140300750732421875,0.00535055536998197724118941920323777594603598117828369140625,0.005349450832664263445759278425839511328376829624176025390625
0.00548182612916878718445357066002543433569371700286865234375,0.005464089651714294608442212819454653072170913219451904296875,0.005458086506581268267102036162441436317749321460723876953125,0.00552259938428707568280895401358066010288894176483154296875
0.005396270259392314805335644223305280320346355438232421875,0.0052300330542271421252475960272931843064725399017333984375,0.005293122569910970777462555503234398202039301395416259765625,0.005394480642777349684025001153031553258188068866729736328125
0.0054149377550772904987841371848844573833048343658447265625,0.0053851969888455593349352312770861317403614521026611328125,0.005356643523086675011402046919783970224671065807342529296875,0.0054281350684721695054602008667643531225621700286865234375
0.0054489424858416117547488255468124407343566417694091796875,0.005363326272860756416260841206167242489755153656005859375,0.00549594122013217535605011931920671486295759677886962890625,0.005557723434258744939218122027568824705667793750762939453125
0.00541800439734151616233415182932731113396584987640380859375,0.005507738340767947583798136435007108957506716251373291015625,0.005500172276365973729472802489226523903198540210723876953125,0.005307597498789648308992195069322406197898089885711669921875
0.00546823974283248449845817873438136302866041660308837890625,0.005540118691240395777664051735200700932182371616363525390625,0.00535471070689929988517530290437207440845668315887451171875,0.00551008734078718698246035501142614521086215972900390625
0.004901736522830540433715018622251591295935213565826416015625,0.00492702037529895407741431512249619117937982082366943359375,0.00502691028662857926356810622792181675322353839874267578125,0.00499154121823812413349941152773681096732616424560546875
0.004940850017422337113470742764320675632916390895843505859375,0.00487284172296203153817995001872986904345452785491943359375,0.004833268420900795926675730385113638476468622684478759765625,0.00509245788914972595529118137847035541199147701263427734375
0.004905349182678938636803511741391048417426645755767822265625,0.004999596599611845666732978799018383142538368701934814453125,0.00507412606746402393420591891981530352495610713958740234375,0.005022335666198580843289089870040697860531508922576904296875
0.00488815059772120148740004452747598406858742237091064453125,0.0049633275990218252149421829244602122344076633453369140625,0.00488170101823067782709220097103752777911722660064697265625,0.00490585104968720153717498533296748064458370208740234375
0.004882592031933919753117212536608349182642996311187744140625,0.004844951059266887523346856170292085153050720691680908203125,0.004761193437070092293605938493783469311892986297607421875,0.004913179461375010402546248400312833837233483791351318359375
0.004896849664329222702463528804628367652185261249542236328125,0.0051022361520852432814621124634868465363979339599609375,0.004885900595964011959571049459327696240507066249847412109375,0.00482363837028920890148686595466642756946384906768798828125
0.00481986584333315114248019739306982955895364284515380859375,0.00482505834735103868171623986427221097983419895172119140625,0.004971805335935958018722669038425010512582957744598388671875,0.004779858271754291489108457113843542174436151981353759765625
0.005003053462165195364175218628588481806218624114990234375,0.0048507019637342961571047084134988836012780666351318359375,0.0048814533141967424156870691831500153057277202606201171875,0.004860799177712068867840411456882065976969897747039794921875
0.0047140395506087041932463677085252129472792148590087890625,0.005076508003471071929502134167933036223985254764556884765625,0.00503391255080746190253560001792720868252217769622802734375,0.00501179882098823185898606169530467013828456401824951171875
0.0048416538083824629812301765241500106640160083770751953125,0.0049812941237533381322322156847803853452205657958984375,0.005065232100487512649500398964619307662360370159149169921875,0.004886964686761812066972954227139780414290726184844970703125
0.00474241156566432113528275493763430858962237834930419921875,0.004786411948530344510899237064904809813015162944793701171875,0.0048983649778145017805730532245434005744755268096923828125,0.004952762673640947153896885168933295062743127346038818359375
0.00500920992353145501374545034423135803081095218658447265625,0.0048841401589093495771987107900713454000651836395263671875,0.004882782758944630673025866229863822809420526027679443359375,0.004791910348192931871913469166202048654668033123016357421875
0.0049087402454557511888300069813340087421238422393798828125,0.004803240338954244299796147998904416454024612903594970703125,0.004926939448350100940465789989275435800664126873016357421875,0.004720357901699105684922841419393080286681652069091796875
0.005011799715171989279272057871139622875489294528961181640625,0.004982021443339856685283972836941757122986018657684326171875,0.00485639920860929212576007074630979332141578197479248046875,0.004794931930559299428085129335386227467097342014312744140625
0.004794685479352714559120318682516881381161510944366455078125,0.005038916142752143494110139698705097544007003307342529296875,0.004909734835394178979750545721572052570991218090057373046875,0.0049317795984956842858526471218283404596149921417236328125
0.00503323664555057302683049869074238813482224941253662109375,0.00490716384761539538283958705733311944641172885894775390625,0.004967202191323179076565264011833278345875442028045654296875,0.00504846463785257361378544516128386021591722965240478515625
0.0048462153347597868024987377566503710113465785980224609375,0.004809726469725736884563982442841734155081212520599365234375,0.00469407817618919080693284939798104460351169109344482421875,0.005016958150875235229737558739770975080318748950958251953125
0.0051149731460428567164644420017793891020119190216064453125,0.004989574071415643456706145997259227442555129528045654296875,0.004927190753615910689955370571624371223151683807373046875,0.00497668907161059013988246846338370232842862606048583984375
0.005119637074353740845145122051462749368511140346527099609375,0.00494885501456141831122526042463505291379988193511962890625,0.00484177801375632217706357351971746538765728473663330078125,0.00495378158164989403078326546392418094910681247711181640625
0.0049777175504269431660642197812194353900849819183349609375,0.005089213581021487416145010485024613444693386554718017578125,0.004851877171941754336714769380023426492698490619659423828125,0.004989688982304907489961909305975495954044163227081298828125
0.00495354240041674491468182139897180604748427867889404296875,0.004954469447302164465674056970101446495391428470611572265625,0.004899472880248550467341406289278893382288515567779541015625,0.00502879321334969049683838449027462047524750232696533203125
0.004946990448843234348952346834948912146501243114471435546875,0.004922850560144721721034244410475366748869419097900390625,0.0048955729402237087299898377068529953248798847198486328125,0.005041941375549470298611520746590031194500625133514404296875
0.004963214378838602496013532316965211066417396068572998046875,0.005101994635429533964110504484779085032641887664794921875,0.004985080543274384053120673598868961562402546405792236328125,0.00472920422119700763208260951842021313495934009552001953125
0.005050113238840335701251849087611844879575073719024658203125,0.004920785962792666341780734029498489690013229846954345703125,0.00492297537068671353654991662551765330135822296142578125,0.005014535618432771658936619729729500249959528446197509765625
0.004738477488061050395262707723986750352196395397186279296875,0.0047853567361650639622183689425582997500896453857421875,0.005139407980163940813100875715235815732739865779876708984375,0.0049487707502648518864685200924213859252631664276123046875
0.00495939855420536070129688965835157432593405246734619140625,0.004759120752093590027420599852803206886164844036102294921875,0.005131503492821684435376550226237668539397418498992919921875,0.004867913714769691972683585134973327512852847576141357421875
0.005034623725963471851940767010091803967952728271484375,0.00498494987814176483686967600306161330081522464752197265625,0.004922076835188897263317908681301560136489570140838623046875,0.004924034829892553859209680666708663920871913433074951171875
0.00491978744785119548321716820282745175063610076904296875,0.00494785590240468149680896914333061431534588336944580078125,0.005090949536256308451120933256106582120992243289947509765625,0.00492678360238722225228347184611266129650175571441650390625
0.00481498710170127387775185212603901163674890995025634765625,0.0048653578931249670536107743146203574724495410919189453125,0.00490076494415844950147675973539662663824856281280517578125,0.004762734942451566678978114310893943184055387973785400390625
0.00500444440213797248073746004592976532876491546630859375,0.00495338131165169552605487268692741054110229015350341796875,0.004861366337454598764156177281847703852690756320953369140625,0.00480745431090659307293844193509357864968478679656982421875
0.004879052269846356239269002941227881819941103458404541015625,0.004949620091201269687919417350485673523508012294769287109375,0.00498639811801324626949760698835234506987035274505615234375,0.004960070122104624605607892107173029216937720775604248046875
0.00501012280486577178673091026439578854478895664215087890625,0.005023959774919838951190431686200099647976458072662353515625,0.004924618531865174696215969873946960433386266231536865234375,0.0050469423434746085721513964017503894865512847900390625
0.005189175883579908755971477063440033816732466220855712890625,0.0047563050875485644863882583877057186327874660491943359375,0.004814571474933537938156735691563881118781864643096923828125,0.005078360726785045853315381236825487576425075531005859375
0.005042060387595615443545593592489240108989179134368896484375,0.004998677825148469498761638618589131510816514492034912109375,0.005097350994752014759214819861199430306442081928253173828125,0.004710074984124248097250298172866678214631974697113037109375
0.005071788292447645778160403295942160184495151042938232421875,0.005126792145661633604003526443193550221621990203857421875,0.004921844225177181460229025589114826289005577564239501953125,0.005041035975920048033127596198710307362489402294158935546875
0.0047180064538103021198889308607249404303729534149169921875,0.00492875435731356982549389300629627541638910770416259765625,0.00489443511107152950945220482026343233883380889892578125,0.004977039048810450415361028575489399372600018978118896484375
0.004927108737934872417785214793184422887861728668212890625,0.00491830141524711265954561412172552081756293773651123046875,0.00482316482004052464460652771549575845710933208465576171875,0.0050567553172316259679774930191342718899250030517578125
0.004660201795591485153524846651862389990128576755523681640625,0.0050823691224105467523219914482979220338165760040283203125,0.00509953388771551031910522766565918573178350925445556640625,0.00484506064328713882682908575816327356733381748199462890625
0.0049605360561841838062946408172138035297393798828125,0.005023954587317853819061763687159327673725783824920654296875,0.0048480729498391571252735587904680869542062282562255859375,0.004881465436813441950703040816961220116354525089263916015625
0.005007823510093282505517553460094859474338591098785400390625,0.004752182500104686589670333063395446515642106533050537109375,0.004948117652508893411777979309817965258844196796417236328125,0.00505004088523487715267634712290600873529911041259765625
0.004926213177475523459503126133540718001313507556915283203125,0.005117370045275924927974386946516460739076137542724609375,0.005003466681525645630423948517773169442079961299896240234375,0.00476772405407460860005119940296935965307056903839111328125
0.005080268365492891791124208111796178855001926422119140625,0.004724659794354595966636711779074175865389406681060791015625,0.00486290181744776679739761249265939113683998584747314453125,0.004763592139466812751258384395214307005517184734344482421875
0.005029492098785537899929831695544635294936597347259521484375,0.00493447401544118598171184686407286790199577808380126953125,0.005055074586944987950765106887729416484944522380828857421875,0.00482691821405727312932487649277391028590500354766845703125
0.004883022182088004280176019022974287508986890316009521484375,0.00492631084185270358422048531110704061575233936309814453125,0.0048128790055582855444971102087947656400501728057861328125,0.005053700020316807643705470098893783870153129100799560546875
0.004799432982811131266631665681643426069058477878570556640625,0.0047601944138719286259142648987108259461820125579833984375,0.004890740950982215042019962680797107168473303318023681640625,0.004848352062443121203438867183876936906017363071441650390625
0.00512974711495441278163998077843643841333687305450439453125,0.005035518129769278768137485968736655195243656635284423828125,0.004880161479182292851020097401715247542597353458404541015625,0.004992908417787433016099551963407066068612039089202880859375
0.00473616943317389620105029024443865637294948101043701171875,0.00474917833425374767697402234034598222933709621429443359375,0.00481293980249841192586846005951883853413164615631103515625,0.005020351296648915655207456865127824130468070507049560546875
0.005282728032107899228397851487670777714811265468597412109375,0.00490466439495472299181511033339120331220328807830810546875,0.004887750242443874605646758624288850114680826663970947265625,0.004929687896619973884460019775133332586847245693206787109375
0.00483504825953270066241085345382089144550263881683349609375,0.004994477969902451526540421156141746905632317066192626953125,0.004997438889308474831152384609822547645308077335357666015625,0.005087877265934175920192306108447155565954744815826416015625
0.004932273678319808347947361681917755049653351306915283203125,0.00483051503025592153528489092195741250179708003997802734375,0.00507322392709817250600057292331257485784590244293212890625,0.0049722715440049004842482105459566810168325901031494140625
0.004776466979757284896102031979125968064181506633758544921875,0.005080761224246548024563452372603933326900005340576171875,0.004900491162173725712136729271151125431060791015625,0.004998457327069130880226044411074326490052044391632080078125
0.004718324042186681534227776779744090163148939609527587890625,0.004717254395171510683582027922966517508029937744140625,0.00478557309155166511749346369697377667762339115142822265625,0.004804797998564498857920757046713333693332970142364501953125
0.004820154021805768233821520851734021562151610851287841796875,0.004824051016285771549541028235807971213944256305694580078125,0.004869397388245980638765697534608989371918141841888427734375,0.004903003923078702412652329911679771612398326396942138671875
0.0048390117530077818297495895194515469484031200408935546875,0.004965292435137757913465872405822665314190089702606201171875,0.004971935636121484723692898199942646897397935390472412109375,0.00487467112378317003751337921357844606973230838775634765625
0.004807923365170469788554274970238111563958227634429931640625,0.0049749383198467445055257485364563763141632080078125,0.00484000445833143895513206445002651889808475971221923828125,0.004782165235964479406416405282698178780265152454376220703125
0.00490376289737543512303741266578072099946439266204833984375,0.004874969365688520961388263685876154340803623199462890625,0.00504323996848432716533228159505597432143986225128173828125,0.00478247025057680803794557533592524123378098011016845703125
0.00491561683932288488729778208607967826537787914276123046875,0.004842091923311649115380106422890094108879566192626953125,0.00487497012830632840685307627381916972808539867401123046875,0.0049411347779253107781460840897125308401882648468017578125
0.0049420566534603242725420813030723365955054759979248046875,0.005029361217380088310002772544748950167559087276458740234375,0.004955918537931627322612460062600803212262690067291259765625,0.00488310915182633802078537854640671866945922374725341796875
0.004791302564680807209163138082885780022479593753814697265625,0.00489757470780813157495980902922383393160998821258544921875,0.004853199715749693769761829997833046945743262767791748046875,0.004842757289257455279030128991735182353295385837554931640625
0.00491889460334370316740848494418969494290649890899658203125,0.004891654477832844960527580724374274723231792449951171875,0.004971078493425712917230807619262122898362576961517333984375,0.004918875004226272613927495314101179246790707111358642578125
0.0047049901979916951277882475324076949618756771087646484375,0.0048754912834306669833228653487822157330811023712158203125,0.004837649764063035352779085229713018634356558322906494140625,0.004753384709730333786137368434765448910184204578399658203125
0.00458185783137394879449555418204909074120223522186279296875,0.0048859089049915101210519452479275059886276721954345703125,0.0048680219762315020404219723104688455350697040557861328125,0.004705939307143892046114697080838595866225659847259521484375
0.004892703416869619535700675072575904778204858303070068359375,0.0049568508861816858168669597262123716063797473907470703125,0.004795478919323018472675723700149319483898580074310302734375,0.004812431757815606968298194345834417617879807949066162109375
0.00490382093325654987159278874742085463367402553558349609375,0.004940737946027218101263667193734363536350429058074951171875,0.0047416644199106509904861894710847991518676280975341796875,0.0048301899869699939371603392146425903774797916412353515625
0.004847610400130598386214675343808266916312277317047119140625,0.004896610904090484793493853743484578444622457027435302734375,0.004759708859208059382461808439757078303955495357513427734375,0.005027495630840457009613775340994834550656378269195556640625
0.00493819865088337452141420413909145281650125980377197265625,0.004813943103431284585569382983294417499564588069915771484375,0.00478168117773052243901776847678775084204971790313720703125,0.004876797921915638871215303851158751058392226696014404296875
0.00469756463943193924848173992359079420566558837890625,0.00499375652741924046240651335892835049889981746673583984375,0.00486940650896215861120897017144670826382935047149658203125,0.004930114149950291964341619888045897823758423328399658203125
0.004984152522670835805396194473360083065927028656005859375,0.004833186836759306541366765230804958264343440532684326171875,0.004906532849754951207399411572396275005303323268890380859375,0.00491499800653276593120910575862581026740372180938720703125
0.004972975897732364279624217573427813476882874965667724609375,0.00492305678631572464498677987876362749375402927398681640625,0.00467801058447690591701739748486943426541984081268310546875,0.00483881394565209045632858675389798008836805820465087890625
0.004858803022569864460411537265827064402401447296142578125,0.004952541401302892366820262992632706300355494022369384765625,0.004772000536473897623623852126684141694568097591400146484375,0.004905170268177271551690576956161748967133462429046630859375
0.00484312627496742524602080237627887981943786144256591796875,0.0048793604795080158798015190768637694418430328369140625,0.00480943720321318386734521510561535251326858997344970703125,0.004975178015236228316886535338881003553979098796844482421875
0.004810168516083253471837810621991593507118523120880126953125,0.005002696400394380897569401867031047004275023937225341796875,0.004903742568043431733493253688038748805411159992218017578125,0.0046724340233624435392290052959651802666485309600830078125
0.0047015543297591021187908921774578629992902278900146484375,0.004847703944067103219717207451822105213068425655364990234375,0.00480906611502435708815905712754101841710507869720458984375,0.004939441069692573037241967170984935364685952663421630859375
0.00493170539951235005482477191662837867625057697296142578125,0.0049297773831539874744844809129062923602759838104248046875,0.004807051081548792577369244582996543613262474536895751953125,0.004972112818766882304244436596718514920212328433990478515625
0.004924457092784394023066152357159808161668479442596435546875,0.004799157162701549357575192544800302130170166492462158203125,0.0049794947445057045898320069454712211154401302337646484375,0.004748590640266769739852303899851904134266078472137451171875
0.004861809461893298704715515867746944422833621501922607421875,0.004980342071826906850950944516398521955125033855438232421875,0.004846259436823281870065915910572584834881126880645751953125,0.004844348416755474805162062779118059552274644374847412109375
0.00501721706899131876522535122830959153361618518829345703125,0.004832280172364570962340035720217201742343604564666748046875,0.004956948030702947212422504463802397367544472217559814453125,0.0049438266966382038436478296716813929378986358642578125
0.004797466719040337050639077887126404675655066967010498046875,0.004797927890215395764494932251409409218467772006988525390625,0.004838651690924021357698148193549059215001761913299560546875,0.004840958396147641840112640920779085718095302581787109375
0.004785100784108160809626753007250954397022724151611328125,0.0050997967405842052623921034637533011846244335174560546875,0.00505068261831301094921808925164441461674869060516357421875,0.00478583431184342704411971425315641681663691997528076171875
0.004795384847730856624214990091559229767881333827972412109375,0.004804864547651000773742513416664223768748342990875244140625,0.00489533573368089967858818312151925056241452693939208984375,0.004837589554760803912947242366726641193963587284088134765625
0.005045114186651977576658634205841735820285975933074951171875,0.004720877875627194075747183887870050966739654541015625,0.004829227194542386712716730556849142885766923427581787109375,0.0048509106154244197028901908197440207004547119140625
0.004772298393989360572320368447662986000068485736846923828125,0.00491943533888609431381500058932942920364439487457275390625,0.004794046904338663574185464000265710637904703617095947265625,0.0047607678182309542957995063261478208005428314208984375
0.004864303381683127321111204111048209597356617450714111328125,0.004933067328927817456196702750048643792979419231414794921875,0.004685933773107439810623464637728829984553158283233642578125,0.00481516693957884274468472796115747769363224506378173828125
0.00492429908633234235393327793417483917437493801116943359375,0.00479586576118650430300416331874657771550118923187255859375,0.004941082378736562363830131516806432045996189117431640625,0.0050107986193573018918190342674279236234724521636962890625
0.00486075625740944351760308705934221507050096988677978515625,0.004830107977397586627166248263165471144020557403564453125,0.004922719780573321136929454411301776417531073093414306640625,0.004961787498831250232955714096760857501067221164703369140625
0.004886013142139278460363005507360867341049015522003173828125,0.0048053917900853192202159647195003344677388668060302734375,0.00474526874747329373283033504549166536889970302581787109375,0.00481173657846542361660180375793061102740466594696044921875
0.0048849863560329435940854381215103785507380962371826171875,0.00483945396772764678539058280648532672785222530364990234375,0.0049600446337242747041340606983794714324176311492919921875,0.00478924556502317855244399424918810836970806121826171875
0.0046587559349517103368665260632042190991342067718505859375,0.0047929520438569871154665946733075543306767940521240234375,0.00473791645031916043573350094675333821214735507965087890625,0.0050308590040101068552313989812319050543010234832763671875
0.0048793437685095107647637036052401526831090450286865234375,0.00495308236803903949307947840452470700256526470184326171875,0.0048651873828146376121939198355903499759733676910400390625,0.004902424849989810151651425940144690684974193572998046875
0.004857082921933997439467578516314461012370884418487548828125,0.004728684957584167701527544380724066286347806453704833984375,0.00483417905965190415618071284598045167513191699981689453125,0.004970044931900090799670177688085459521971642971038818359375
0.0052102576246822358829735577501196530647575855255126953125,0.00481591057103081428281132758684179862029850482940673828125,0.004905418597724273653548632267984430654905736446380615234375,0.00485138031025388050121449623475200496613979339599609375
0.00480916634186016010710229551250449731014668941497802734375,0.00488936349383181471928150330086282338015735149383544921875,0.004772542048608985169877438892171994666568934917449951171875,0.00483003759343877785148446690755008603446185588836669921875
0.00479189215711230652450236533468341804109513759613037109375,0.0047249736632000542690956734759311075322329998016357421875,0.004934489330464354901739643111113764462061226367950439453125,0.00479044197441754089628052071248021093197166919708251953125
0.0046411116610214596389649699403889826498925685882568359375,0.0050233242696633255419680352815703372471034526824951171875,0.004905357380442488222926922247779657482169568538665771484375,0.004871671440104139057247767397029747371561825275421142578125
0.00486985209278853296843703191143504227511584758758544921875,0.00476559510260168676942793553052979405038058757781982421875,0.004856303279831574760960766212747330428101122379302978515625,0.004824812202424383182630673871926774154417216777801513671875
0.0048702357125555116590387427777386619709432125091552734375,0.004965911126766146994893080801602991414256393909454345703125,0.004963005721589451753328336991444302839227020740509033203125,0.004710750278534340217129194883227683021686971187591552734375
0.00493340260082486721515682148719861288554966449737548828125,0.00477876851557012226334730797816519043408334255218505859375,0.004701601883986219858335697807660835678689181804656982421875,0.004814467877735001226369160320928131113760173320770263671875
0.004854843479396907766909574633018564782105386257171630859375,0.0048836040782287669370642646526903263293206691741943359375,0.004755411875540046899579760264487049425952136516571044921875,0.004963134097674946378087046383598135435022413730621337890625
0.0047058314556552953422663421179095166735351085662841796875,0.00490595145582505172410225924295446020551025867462158203125,0.004914173073108788099283561479069248889572918415069580078125,0.004979704810459484841389521392329697846435010433197021484375
0.00478626416224710825308985562287489301525056362152099609375,0.004938480119999122917862077741801840602420270442962646484375,0.00467338145980495354991912648756624548695981502532958984375,0.004930169814554653633098535436829479294829070568084716796875
0.00471590188190258892408923685479749110527336597442626953125,0.004808652347477578893608640697721057222224771976470947265625,0.004761678547959885023088677513669608742929995059967041015625,0.00480730451324097758647457823144577560015022754669189453125
0.00465442069635575890462764192534450558014214038848876953125,0.004972987770124915989089497969644071417860686779022216796875,0.004630071199692060990305009227085974998772144317626953125,0.004876520172206795337987994543027525651268661022186279296875
0.00489755508776016680594356245137532823719084262847900390625,0.004865174513603906687742028935872440342791378498077392578125,0.00478220654173379909612773275284780538640916347503662109375,0.0048959982431482362841279609710909426212310791015625
0.004902422604779054123025350264697408420033752918243408203125,0.004832926937183492678562490851845723227597773075103759765625,0.004890753191163409174802012557847774587571620941162109375,0.004708430255932992240797130278906479361467063426971435546875
0.00476570284664408656827294663571592536754906177520751953125,0.004578513313335204337750639069781755097210407257080078125,0.004727041596812459230136926890963877667672932147979736328125,0.00469544391470494253126854999891293118707835674285888671875
0.0046957238199250538046580771833760081790387630462646484375,0.00476134694785409519346419671137482509948313236236572265625,0.004794325337794767306898169323403635644353926181793212890625,0.004758249812233417662399315162247148691676557064056396484375
0.0049204547988854659135160574123801779933273792266845703125,0.0048989766399473340385828379339727689512073993682861328125,0.00459142930316788593081422931163615430705249309539794921875,0.004692766046077869075692223788109913584776222705841064453125
0.00474500861677079437128679018087495933286845684051513671875,0.004983799662953726332392800912884922581724822521209716796875,0.004684949124958047265987470808568104985170066356658935546875,0.0048314642581379248220674327285450999625027179718017578125
0.004825778557541633706495787237145123071968555450439453125,0.0048110805622611600707028145507138106040656566619873046875,0.0049353093636457512349835496934247203171253204345703125,0.004850968084580283522233568049841778702102601528167724609375
0.004722191554794971830866234796530989115126430988311767578125,0.0048108431945892461689684438397307530976831912994384765625,0.004821189938654037339393898520256698247976601123809814453125,0.00487779358698756278223118698633697931654751300811767578125
0.00481102484904741452276244473296173964627087116241455078125,0.00468148292274344658692175613623476237989962100982666015625,0.004787328533342159915531244251951648038811981678009033203125,0.00471393279412695744012840037839850992895662784576416015625
0.004705632773069853315439647900575437233783304691314697265625,0.00448416914257741827665171285843825899064540863037109375,0.004678480291124155650284155427698351559229195117950439453125,0.004652321756392728026308081012984985136426985263824462890625
0.004810399539722599003555014718358506797812879085540771484375,0.004743893665185137768769418897818468394689261913299560546875,0.00476217442454167361187700180380488745868206024169921875,0.004615783931899379750884993001136535895057022571563720703125
0.004994315585439693290503715417116836761124432086944580078125,0.004958683926176971241972513126938792993314564228057861328125,0.0049776181590627903428281086917195352725684642791748046875,0.004772166581887963589247991791353342705406248569488525390625
0.0049225469338523529516660204308209358714520931243896484375,0.00485377816967975765638509955124391126446425914764404296875,0.004799425438063950090372689061268829391337931156158447265625,0.004780225218574220280576270170058705843985080718994140625
0.004891197021142081047262450965718016959726810455322265625,0.00477677474028976624398357131440207012929022312164306640625,0.004933787024760562765768323600923395133577287197113037109375,0.00477421500182713225146624580474963295273482799530029296875
0.00456294188843778779351989527413024916313588619232177734375,0.00462223371814162765913724939537132740952074527740478515625,0.004802449415873012543432007959154361742548644542694091796875,0.00488630405422861048558846874811933957971632480621337890625
0.0048899678202216356748266434806282632052898406982421875,0.004807901073914801204356450625709840096533298492431640625,0.004788801249097816674360483801820009830407798290252685546875,0.004758420301852329774294769748621547478251159191131591796875
0.00479993367452232443104431780511731631122529506683349609375,0.004685650531272406681126962979533345787785947322845458984375,0.004664330363703406319431099547045960207469761371612548828125,0.00471777230868759313298088642341099330224096775054931640625
0.004645746056776085645967366843933632480911910533905029296875,0.00477441205013003598656151638124356395564973354339599609375,0.004722830175568386128215347952163938316516578197479248046875,0.004813701206238249659385974865699608926661312580108642578125
0.00471168748413981590406063304499184596352279186248779296875,0.004673463321430286997182346198087543598376214504241943359375,0.004926140127921905566277249732820564531721174716949462890625,0.004747182268643274256902930829937758971937000751495361328125
0.005003764607887847652711865720220885123126208782196044921875,0.004674071419442899812113356716736234375275671482086181640625,0.004619156907931333544414798097932361997663974761962890625,0.004788858304608644735067546349682743311859667301177978515625
0.004760170779557505553458707225900070625357329845428466796875,0.00472196669749200097221386585033542360179126262664794921875,0.00468158889153455319565022563210732187144458293914794921875,0.00487977243747737647605600130873426678590476512908935546875
0.00471902987758322789435538879843079484999179840087890625,0.004838926954439400247853786396490249899215996265411376953125,0.0046977841871742760659902415909527917392551898956298828125,0.0046627865808214589982139131052463199011981487274169921875
0.004669919168071135807951410612304243841208517551422119140625,0.004881015681118010783590133172538116923533380031585693359375,0.00471961134487073642740373458082103752531111240386962890625,0.004785803121758121746187608636091681546531617641448974609375
0.00470084376325246612593478090502685518004000186920166015625,0.00463535952253647624832222362556422012858092784881591796875,0.0049772442274515320270733553797981585375964641571044921875,0.004864126249377854170619084328563985764048993587493896484375
0.004828991725430463455293050856198533438146114349365234375,0.00493774541417495160811057530736434273421764373779296875,0.00466693936590416823262383871906422427855432033538818359375,0.004804781979665527676115477362372985226102173328399658203125
0.0048771931901563474187621949340609717182815074920654296875,0.004698465012153309368347908758778430637903511524200439453125,0.004828557167682603727676404758994976873509585857391357421875,0.004669726656316010131309024444590249913744628429412841796875
0.00491002457111945622703075287063256837427616119384765625,0.004585249421865621004268387395086392643861472606658935546875,0.00462781260856161454075863304069571313448250293731689453125,0.00478129053902563716516027625402784906327724456787109375
0.00472951182516975938974201909559269552119076251983642578125,0.004826037511177584671262508209110819734632968902587890625,0.0047083690741751040020890428650091052986681461334228515625,0.004764214459865345578648554436540507595054805278778076171875
0.004965372404139504862452536571026939782314002513885498046875,0.004772722695572350661008531602647053659893572330474853515625,0.004661489111873245473616211853595814318396151065826416015625,0.00473582393469733180235703429161731037311255931854248046875
0.004760727069903456475097325295564587577246129512786865234375,0.00471174667023670744325780646022394648753106594085693359375,0.005011377503498883230481641959386251983232796192169189453125,0.004818027590116896220762132685422329814173281192779541015625
0.00478807492025414178915543317316405591554939746856689453125,0.004661486849744927475625022594840629608370363712310791015625,0.004778850475547148819732701241491668042726814746856689453125,0.004894399179109850013535965018718343344517052173614501953125
0.004653972374292935330897247325765420100651681423187255859375,0.00484476199574024497807034350671528954990208148956298828125,0.004740660420240645940570534122571189072914421558380126953125,0.00493977855125919511347643009457897278480231761932373046875
0.004768066057683519910759262216970455483533442020416259765625,0.004712400761543492598570903595600611879490315914154052734375,0.0046829475758391851669681926750854472629725933074951171875,0.0047126478783365670366389821310804109089076519012451171875
0.0047613478701132826154118760086930706165730953216552734375,0.0047588700400424711889346696125357993878424167633056640625,0.004872157056861496637889530347820254974067211151123046875,0.0048806643438525469658184618992891046218574047088623046875
0.004829015715526754036479584186736246920190751552581787109375,0.004724825340348849135596598358688424923457205295562744140625,0.004710985855249624591756241187567866290919482707977294921875,0.004875569342387757638956902184190767002291977405548095703125
0.0048212325400030196786982372714192024432122707366943359375,0.0047651021256447760598984331181782181374728679656982421875,0.004909456659483828200318811241231742314994335174560546875,0.004755057697983057669877116069301337120123207569122314453125
0.004932043026838909237363761661754324450157582759857177734375,0.004831904920721995753962740849374313256703317165374755859375,0.004906627842308808849780543681617928086780011653900146484375,0.004962372889783365527416325591048007481731474399566650390625
0.004875892081908197832340601252099077100865542888641357421875,0.004819774037137532392283123527931820717640221118927001953125,0.004855615148227084010290610649462905712425708770751953125,0.0047373795512201943846974927510018460452556610107421875
0.004787032400227057317432244332167101674713194370269775390625,0.00480801289129097197960760468049556948244571685791015625,0.004700771555502330188713866476746261469088494777679443359375,0.0049371171296142268847262357667204923927783966064453125
0.00484739970624975709256876399422253598459064960479736328125,0.0047160070349398820754860395254581817425787448883056640625,0.0048055405675326463843521906937894527800381183624267578125,0.004690334719190863109472555692036621621809899806976318359375
0.004927952891302124320549449265627117711119353771209716796875,0.004930166397929039261149863904165613348595798015594482421875,0.004780051392601182037866980323315146961249411106109619140625,0.00454634219417751790637272080175534938462078571319580078125
0.004810615265021749194229716550808007013984024524688720703125,0.0047672788241588902324874510441077291034162044525146484375,0.004766533704620813834129666730632379767484962940216064453125,0.00471489309110743881614524752876604907214641571044921875
0.004720052024293388236164670246353125548921525478363037109375,0.004753170929565227013913197851024960982613265514373779296875,0.0047254108979300317450178425815465743653476238250732421875,0.004761249634304749733804129618874867446720600128173828125
0.00466899707647637496332748696659109555184841156005859375,0.00467407807673772372758502768874677713029086589813232421875,0.004893558752821992353931879193851273157633841037750244140625,0.004644867271220434572220892022187399561516940593719482421875
0.0048785672792814906151281917345841065980494022369384765625,0.00488917638528612967518949261602756450884044170379638671875,0.0049033963974303151900357988779433071613311767578125,0.00480640834181395547319848304823608486913144588470458984375
0.00490340011680481628608685440440240199677646160125732421875,0.004955254234483637450214832398387443390674889087677001953125,0.00474852289715387877733210331143709481693804264068603515625,0.00469764817989788176222365478906795033253729343414306640625
0.0046926439423304149023419284958436037413775920867919921875,0.004660738866454724148302712904978761798702180385589599609375,0.004801579858349080444368528475251878262497484683990478515625,0.00473360973738873487548506346911381115205585956573486328125
0.004972520221346843870280363120173205970786511898040771484375,0.004781297230975087471371853808932428364641964435577392578125,0.004678757530276443817041087669394983095116913318634033203125,0.004839512740894557317472557400606092414818704128265380859375
0.005148394320249467283334698919361471780575811862945556640625,0.005001047347102439456778544268900077440775930881500244140625,0.004975411496055813509453713550101383589208126068115234375,0.004942864614479568728666603050214689574204385280609130859375