0.0056958364110600880059198658500463352538645267486572265625,0.0054912024329384079290861109257093630731105804443359375,0.004966956928670927286229019870233969413675367832183837890625,0.00574448737164283233791461924511168035678565502166748046875,0.00496015798227641101225682263020644313655793666839599609375,0.005254965639546436105555837769998106523416936397552490234375,0.006163440533442002440545071095812090788967907428741455078125
0.005396591325830070451363695838153944350779056549072265625,0.004639975421468408960101736937531313742510974407196044921875,0.005955987260060856790244709912940379581414163112640380859375,0.0054185688108667230677983894793214858509600162506103515625,0.00649037946931206068124087238402353250421583652496337890625,0.00535499569220306004257992071870830841362476348876953125,0.005942465607412687929322903102047348511405289173126220703125
0.006112053926761819300228495421833940781652927398681640625,0.005829681069912123585197161190762926707975566387176513671875,0.00514396909495088393293737993872127844952046871185302734375,0.005180762278905177813104199202598465490154922008514404296875,0.005950920833944952324789934294813065207563340663909912109375,0.004964228145987933764338162490048489416949450969696044921875,0.006174130446744586532548115798135768272913992404937744140625
0.0053067067936843383135769869340947479940950870513916015625,0.00595684131976724311197113337357222917489707469940185546875,0.005223895195132346146171808953795334673486649990081787109375,0.00555593965406906385717800134216304286383092403411865234375,0.005113593003764378176756455474105678149498999118804931640625,0.005247831704378918583897561944695553393103182315826416015625,0.005932329052599200243378607666500101913698017597198486328125
0.005707174705207123353856157876862198463641107082366943359375,0.005386142085523219595610822096887204679660499095916748046875,0.005944438232069843182359125677294287015683948993682861328125,0.005102036534371368232954058186123802443034946918487548828125,0.006108893209073699981370708655958878807723522186279296875,0.005780080712358089990721143891505562351085245609283447265625,0.005704913109306351988447847389807066065259277820587158203125
0.0052855131920740740236741572743994765914976596832275390625,0.005738797224806851428324794284208110184408724308013916015625,0.006110718307516607890328419472325549577362835407257080078125,0.00653697986422337173895158457526122219860553741455078125,0.005515915553969528810351885539375871303491294384002685546875,0.0048579855573926376821614070422583608888089656829833984375,0.0055886537683128741094140679024349083192646503448486328125
0.004930618801313004125053129911293581244535744190216064453125,0.005801433846681628390962170982447787537239491939544677734375,0.005761061171378838684231649125422336510382592678070068359375,0.00553240814114987211613794215736561454832553863525390625,0.00516925372539976842045650329282580059953033924102783203125,0.005765824384713048866846207829439663328230381011962890625,0.00583697749613965553849848078016293584369122982025146484375
0.005706889124612014863036080214442336000502109527587890625,0.005540733988229834712513355299279282917268574237823486328125,0.005816040117539764998932927397845560335554182529449462890625,0.005474247436186242300737436750068809487856924533843994140625,0.0053515801226990435124353240325945080257952213287353515625,0.005468785063911739928455002512919236323796212673187255859375,0.006153968043611789638658304824048173031769692897796630859375
0.005703366522800383357771902836930166813544929027557373046875,0.00546857745969329782365075942607290926389396190643310546875,0.005126566372125378190371947084713610820472240447998046875,0.00548510272041824627209383180570512195117771625518798828125,0.004973384717337494924371821269915017182938754558563232421875,0.00579044103692070988298468137145391665399074554443359375,0.005397635534312997078465468092645096476189792156219482421875
0.006552642328269720449485102875541997491382062435150146484375,0.005541471960429975203432650943113912944681942462921142578125,0.005742097652588643540150226129981092526577413082122802734375,0.005922093837010440793566790063096050289459526538848876953125,0.005266747222561836590248862677299257484264671802520751953125,0.005814712304007765668323326480049217934720218181610107421875,0.006263017199888760121184727580612161546014249324798583984375
0.005367937116945396651412902855327047291211783885955810546875,0.005948570371084598192024106566577756893821060657501220703125,0.0053030555890296142418360858528103563003242015838623046875,0.00653758094860606812914749497167576919309794902801513671875,0.00522995020300154843384543568163280724547803401947021484375,0.005610855036234603521183572638619807548820972442626953125,0.005200447791917695884722494525931324460543692111968994140625
0.00580058235430170286706097471096654771827161312103271484375,0.0059528001838880691132249722841152106411755084991455078125,0.00562770321552467402137498453384978347457945346832275390625,0.00548558528010687808385004160527387284673750400543212890625,0.00612237793628046637894879467012287932448089122772216796875,0.0051351060495520746418396385024607297964394092559814453125,0.005182036006650615929391978653484329697676002979278564453125
0.00559405636097522716843055690105757093988358974456787109375,0.00553125101971938502865011599851641221903264522552490234375,0.005246611284545764537778911318355312687344849109649658203125,0.005916361060257062549905260340210588765330612659454345703125,0.005393861062851386216354665492644926416687667369842529296875,0.005906387082271035392222469084799740812741219997406005859375,0.005812855582289520005312422057386356755159795284271240234375
0.005332740068333769074826467004868391086347401142120361328125,0.00502500397955511247938265029233662062324583530426025390625,0.005644629462860707193316844865194070735014975070953369140625,0.0056105871555431723052276282714956323616206645965576171875,0.0052844224885748858344669542930205352604389190673828125,0.00516216343522017673262070047712768428027629852294921875,0.00576466668081994371153342626712401397526264190673828125
0.005143964416281565643629392070579342544078826904296875,0.006247803958333081851550527829886050312779843807220458984375,0.0053088238473307895748387608136908966116607189178466796875,0.006164013108353368249059389682997789350338280200958251953125,0.005545528140655960058769124998434563167393207550048828125,0.005812213187996686895864240085529672796837985515594482421875,0.005636164582008649538702460546346628689207136631011962890625
0.004881883322234143070261769281614760984666645526885986328125,0.0052834908801481506035457869074889458715915679931640625,0.006176341052998046178557078889070908189751207828521728515625,0.005091245380747957786915502964575352962128818035125732421875,0.004635927930539597389969497243100704508833587169647216796875,0.006151190358741314388735244023109771660529077053070068359375,0.0062045003171093994487339529086966649629175662994384765625
0.00562501408764479703117356024222317500971257686614990234375,0.005766097806716052008579875831628669402562081813812255859375,0.005553083807184266799950034254607089678756892681121826171875,0.0055623267435490585108848193840458407066762447357177734375,0.00580337769231855683804699452821296290494501590728759765625,0.005077479810280544243739075938037785817869007587432861328125,0.005697777915031996577577277918180698179639875888824462890625
0.0054865446872477095785480827316860086284577846527099609375,0.005901460588578203401988186982407569303177297115325927734375,0.005474028094236514131731841104056002222932875156402587890625,0.00536014596640543329597594635060886503197252750396728515625,0.0055408631615452251517606185871045454405248165130615234375,0.00604920636473086671680565729047884815372526645660400390625,0.005167631242254322292140056305242978851310908794403076171875
0.005677386259786701243335027555758642847649753093719482421875,0.00645361557372175868863006797937487135641276836395263671875,0.00009089192787830092132121684311840681402827613055706024169921875,0.005309702561309478409390383291110993013717234134674072265625,0.0046795938225152773626280833241253276355564594268798828125,0.0058075503152942541118530783705864450894296169281005859375,0.00608616201382435224875866452975969878025352954864501953125
0.005089433389464236880128655826638350845314562320709228515625,0.00574325128348623405172279632324716658331453800201416015625,0.00515319758541918533645276312427085940726101398468017578125,0.005504721648840869667462794012635640683583915233612060546875,0.0060970342316707497321015551960954326204955577850341796875,0.004142239854821060975054169972509043873287737369537353515625,0.005882173145890761366272325716408886364661157131195068359375
0.005774694695690315605907105833694004104472696781158447265625,0.00573269047842054658981059134248425834812223911285400390625,0.0065271456025179884485876158350947662256658077239990234375,0.005738491335276583484026335923999795340932905673980712890625,0.005395759619834724317433138907063039368949830532073974609375,0.00521435826536295436717249884850389207713305950164794921875,0.005491927226998633178312037017576585640199482440948486328125
0.004565629676138838362320360175772293587215244770050048828125,0.0048188451451504736577913234896186622790992259979248046875,0.005587688705560448117204419560266615008004009723663330078125,0.0056200044193201147135763307005618116818368434906005859375,0.0058529778095566531437299317985889501869678497314453125,0.004610073869505977757488057733326058951206505298614501953125,0.005936634867870295255432022685226911562494933605194091796875
0.005567562476280588611154964695515445782802999019622802734375,0.00594093217838766347871359840837612864561378955841064453125,0.00505271639758711303691551819383676047436892986297607421875,0.006042222365178046526723587561491513042710721492767333984375,0.0049187150746386430755219265620326041243970394134521484375,0.005788420705466832370811314234515521093271672725677490234375,0.00522880774455849496595849501545671955682337284088134765625
0.005710239955731530141214147278105883742682635784149169921875,0.004966733604136947151375114373195174266584217548370361328125,0.005084824389644210067273899511519630323164165019989013671875,0.005757897073293080474065686047424605931155383586883544921875,0.00531605361924925197414371069726257701404392719268798828125,0.005209610501171429812472535303413678775541484355926513671875,0.00533891675007647052708659174413696746341884136199951171875
0.0055616026219341592462530599050296586938202381134033203125,0.0047939437892604054580747430236442596651613712310791015625,0.005498244535516034516009487020937740453518927097320556640625,0.005308248728456278590914774184739144402556121349334716796875,0.00655511304078262684036371155116285081021487712860107421875,0.00602892985928833204101184861656292923726141452789306640625,0.00440775521563184502493726313332444988191127777099609375
0.00520780935043556325592106759359012357890605926513671875,0.006099728790509903637861999214919705991633236408233642578125,0.00506408831554437666166990084093413315713405609130859375,0.00640643536582242816013188502211050945334136486053466796875,0.004976021848764265211040314085266800248064100742340087890625,0.005748921372007008250004655991460822406224906444549560546875,0.005418328018838024055792157440691880765371024608612060546875
0.005850893040317093653224223004372106515802443027496337890625,0.005218226525453786672492650922094981069676578044891357421875,0.005798843240856907908786777028353753848932683467864990234375,0.005211701822107226052260831039575350587256252765655517578125,0.005423794726913475604257452999945599003694951534271240234375,0.005323361958769637879151925830001346184872090816497802734375,0.005762729727749485962584596876467912807129323482513427734375
0.0046560006022054491181538793398431153036653995513916015625,0.004860179446036416196774698761373656452633440494537353515625,0.00628803788391880773278597160924618947319686412811279296875,0.004801529065629535353298962263579596765339374542236328125,0.0051008731796663153712501070913276635110378265380859375,0.005186305513839951052135202047566053806804120540618896484375,0.00500448560260853721193274878942247596569359302520751953125
0.004851439318207316324371713989194176974706351757049560546875,0.00524640846167631104413064946356826112605631351470947265625,0.005719371327373217080147771440579163026995956897735595703125,0.0051520483863477239960815268204896710813045501708984375,0.00555706360177381404608087933638671529479324817657470703125,0.00639941488913035351482339052608949714340269565582275390625,0.005245074532606002447321369430710547021590173244476318359375
0.005846319331468571335597150806506761000491678714752197265625,0.0049351970818579497801703581671972642652690410614013671875,0.005760223880665857158767106938057622755877673625946044921875,0.00560703670075780348514005169135998585261404514312744140625,0.00644958843497916468889830099442406208254396915435791015625,0.005826486848188548554883237073909185710363090038299560546875,0.006038278357088200376523445811471901834011077880859375
0.004895798229826422466592905635707211331464350223541259765625,0.004401111769408451966645312580794779933057725429534912109375,0.005430554926897999956647566932588233612477779388427734375,0.005234999648584863496392216575259226374328136444091796875,0.005453975015298595518942192938993684947490692138671875,0.005210461588333916739534945605782922939397394657135009765625,0.0045006781695459859016228421069172327406704425811767578125
0.00540339060374981326739796116953584714792668819427490234375,0.005303074580180151820218981129073654301464557647705078125,0.00548218775433058531920682554527957108803093433380126953125,0.00490481855138224891177411990383916418068110942840576171875,0.005781589940620474911414650165397688397206366062164306640625,0.005126879837198133720022052983722460339777171611785888671875,0.00549399473025828123662339663724196725524961948394775390625
0.00528987516766908812126946060061527532525360584259033203125,0.005991814353173650735395749933331899228505790233612060546875,0.005528569076484830292772532089884407469071447849273681640625,0.00559621756488853407118799765385119826532900333404541015625,0.0055712074282921741907870227805688045918941497802734375,0.005961651619410669560028548374930323916487395763397216796875,0.005148290786764805025688129802574621862731873989105224609375
0.005623517791183331275550738581614496069960296154022216796875,0.0051943636747257444785663693664901074953377246856689453125,0.0055415138670065373915907258606239338405430316925048828125,0.0060112117983313374802722961476320051588118076324462890625,0.006113457744042004315954130788668408058583736419677734375,0.005605882621209108858384428941690202918834984302520751953125,0.00521479850799895679192008657309997943229973316192626953125
0.005828416171880099021229693079249045695178210735321044921875,0.005023011006655020253830468135447517852298915386199951171875,0.004729348090677443390561496272539443452842533588409423828125,0.005440237346468306846303253365704222233034670352935791015625,0.00493265259779384658556100617943229735828936100006103515625,0.0052764736030560636936836971244701999239623546600341796875,0.00543347610104709562162117464367838692851364612579345703125
0.0049194335215367590574686573745566420257091522216796875,0.00556613235322125400605930423125755623914301395416259765625,0.00492136745993213518823861107875927700661122798919677734375,0.005214255748887403583979871513065518229268491268157958984375,0.004940659824452054392496247459121150313876569271087646484375,0.005668707862477602617279348606871280935592949390411376953125,0.0053705661008146242385574709032880491577088832855224609375
0.005505765597061095147080056477761900168843567371368408203125,0.00535659582031959742576265881552899372763931751251220703125,0.004997983666736343331959968594446763745509088039398193359375,0.00523359915361936399447184697919510654173791408538818359375,-0.00058190081593384262136081641614282489172182977199554443359375,0.00491606787185752507063352112481879885308444499969482421875,0.004847832283041056573857918721159876440651714801788330078125
0.00544954067181171140921147610924890614114701747894287109375,0.005390309228332619551071758223770302720367908477783203125,0.006124770280705803086884753128060765448026359081268310546875,0.005215101329058008904071552791492649703286588191986083984375,0.005420199046841892888404235151256216340698301792144775390625,0.004701264453052714405167922251393974875099956989288330078125,0.006602396737535387756523608260295077343471348285675048828125
0.004794835471511933559785045844137130188755691051483154296875,0.00581681714198103820556706722300077672116458415985107421875,0.005797150322155177580574214601938365376554429531097412109375,0.00580457587615496560518035806808256893418729305267333984375,0.00543822837975260590936965598984897951595485210418701171875,0.004941963199470986341232947580692780320532619953155517578125,0.005228725819412292398491448608410792076028883457183837890625
0.005772765919823982620762148343374065007083117961883544921875,0.005500129841040112856076493841328556300140917301177978515625,0.005175128303216708879064267279090927331708371639251708984375,0.00548795942686022657219790943372572655789554119110107421875,0.00529974294138602260162418389199956436641514301300048828125,0.005805648928613003391385749552000561379827558994293212890625,0.00586257071364855442130448182069812901318073272705078125
0.005183155368782359738444309726901337853632867336273193359375,0.006087908112347791174390199131494227913208305835723876953125,0.00532410067534472807027068341767517267726361751556396484375,0.004989499833832479296080730790663437801413238048553466796875,0.005685612561377200412093824155590482405386865139007568359375,0.00566523370432081042891159228247488499619066715240478515625,0.004722498403768932671853431060071670799516141414642333984375
0.005290730240742744748538850529939736588858067989349365234375,0.00437218204300832309627811156360621680505573749542236328125,0.00513982868762831272835267526488678413443267345428466796875,0.005808299554536373691948636377446746337227523326873779296875,0.0053459475029977478188758510668776580132544040679931640625,0.00559295386013966035199107551534325466491281986236572265625,0.005639679868794309804125308716038489365018904209136962890625
0.005658566846115329999900023238978974404744803905487060546875,0.005951131920502557119678765928938446450047194957733154296875,0.00507610968858334364595119581053950241766870021820068359375,0.005756692989387852781024701442902369308285415172576904296875,0.004791611501743050192947404042342895991168916225433349609375,0.004507912209760748904752158949804652365855872631072998046875,0.005967962463345129024705482123636102187447249889373779296875
0.006266943265765121361121625653822775348089635372161865234375,0.005647153606873366038509942654854967258870601654052734375,0.00491045750982194682821013742568538873456418514251708984375,0.005790716984205981042455047003159052110277116298675537109375,0.005765797171171252975818699582077897503040730953216552734375,0.005549477621090165117834214214553867350332438945770263671875,0.00518193320318405779845161163166267215274274349212646484375
0.00530175410630544415024889559617804479785263538360595703125,0.0052201497309513032740735383185892715118825435638427734375,0.005215967688379593951431001386254138196818530559539794921875,0.004596156582207171041598581240350540610961616039276123046875,0.00578417536891266854948145947901139152236282825469970703125,0.00535500867610341595159706429285506601445376873016357421875,0.005770916388817410626332904399760082014836370944976806640625
0.006354560117788795627069564631028697476722300052642822265625,0.004724037096738847342491940395348137826658785343170166015625,0.005109972916366761937212448430045697023160755634307861328125,0.005693186363482019042570048128482085303403437137603759765625,0.006035319867305883288766121808066600351594388484954833984375,0.00530490715285040527471327465036665671505033969879150390625,0.005579245381841427438296410201701291953213512897491455078125
0.00517307161844769540504085370002940180711448192596435546875,0.00461036627314914855546579275369367678649723529815673828125,0.005269906433344088460268839213540559285320341587066650390625,0.00459892358597111840234905599800185882486402988433837890625,0.00609965315172559217893333283200263394974172115325927734375,0.006035750497027460304000356927645043469965457916259765625,0.00544601177907846033254823936431421316228806972503662109375
0.005334562740681835467382310156381208798848092555999755859375,0.00602255420474468068647855290009829332120716571807861328125,0.006215079288196055651294358312952681444585323333740234375,0.0052999565509533087814819651839570724405348300933837890625,0.00507456092442402396935907660235898219980299472808837890625,0.005974882797278425507203625244301292696036398410797119140625,0.00583825376382149548171174302524377708323299884796142578125
0.004966261341258648535912367805167377809993922710418701171875,0.00566071170589212135926260316409752704203128814697265625,0.004695551971760382296838809423888960736803710460662841796875,0.00551139900687140464607960410603482159785926342010498046875,0.0053670811485233317628118498987532802857458591461181640625,0.005052721218205729995787134356532988022081553936004638671875,0.006220620228733499644524496119402101612649857997894287109375
0.0055099516434056437785837800902299932204186916351318359375,0.0051716642338925679356353981575011857785284519195556640625,0.0055602834789481893340568063877071836031973361968994140625,0.00608283208785640426563556815153788193129003047943115234375,0.00492720727512827548488782980484756990335881710052490234375,0.00486153510536259554630778012551672873087227344512939453125,0.0053158650291036668722455260649439878761768341064453125
0.005499583020745049503907875276809136266820132732391357421875,0.005102992155117089083382619918438649619929492473602294921875,0.005111997056815022373588153214996054884977638721466064453125,0.0050645557204417011865071884813005453906953334808349609375,0.00469229141336280526630719833747207303531467914581298828125,0.00652067675538848222360766015981425880454480648040771484375,0.00566878805322973237934558454753641854040324687957763671875
0.005789388428279356769989849595958730787970125675201416015625,0.004940494844475898199298580237837086315266788005828857421875,0.0056639951120842808862665407332315226085484027862548828125,0.005212806064972528609369195606859648250974714756011962890625,0.005555455052269513312179771702403741073794662952423095703125,0.006145011858214185183901800968442330486141145229339599609375,0.00527992448558771421129875989208812825381755828857421875
0.00512952115084129578459481990648782812058925628662109375,0.00570187750492308180472189604870436596684157848358154296875,0.005711662894895505084014164509653710410930216312408447265625,0.006012121410411168202780896052672687801532447338104248046875,0.00561366633156658474679279180463709053583443164825439453125,0.004644472658409345457164452142251320765353739261627197265625,0.006039750679957177348367025615516467951238155364990234375
0.00598128451329549455650624878444432397373020648956298828125,0.005041897278946082423811692052595390123315155506134033203125,0.004898134401499312264027796715026852325536310672760009765625,0.00599002779841849297692846221252693794667720794677734375,0.004712318002165461448826899726327610551379621028900146484375,0.006130073254157895022709023891138713224790990352630615234375,0.004974813428188882592773101265493096434511244297027587890625
0.00502406272291907630977991772169843898154795169830322265625,0.00512711076720051041333281460765647352673113346099853515625,0.004899232680182227274434669794800356612540781497955322265625,0.00573487538158595246129412004165715188719332218170166015625,0.004746127489500726569227051498955916031263768672943115234375,0.0051760983399773419222356096724979579448699951171875,-0.00080508527479098237512877833665925209061242640018463134765625
0.004875967848691474017253089101586738252080976963043212890625,0.006125050716005755492565842956764754489995539188385009765625,0.00567250432474006825722678826195988222025334835052490234375,0.005332063639468357339745718803669660701416432857513427734375,0.00611976473916345416192985595671416376717388629913330078125,0.005317000788775494250770758952739925007335841655731201171875,0.005104215916182216518370839963836260722018778324127197265625
0.00575445013884452911956390863679189351387321949005126953125,0.006329756922370658768495221835337360971607267856597900390625,0.00447514049211263260918958195588857051916420459747314453125,0.004132194689516660406070069910811071167699992656707763671875,0.005753342929832712393523053151511703617870807647705078125,0.006107649777917068152632840138949177344329655170440673828125,0.00553600840320148633588726028165183379314839839935302734375
0.005524439655623168514420040509094178560189902782440185546875,0.005136455456547394347877055764683973393402993679046630859375,0.005381813294560145420619701184250516234897077083587646484375,0.005587245532731371401580222624261296004988253116607666015625,0.005463245792494444454112656472943854168988764286041259765625,0.00551076964911519084910906940422137267887592315673828125,0.005432445891535670097483023965878601302392780780792236328125
0.005605801628230500273375458419877759297378361225128173828125,0.006092733555780881736507748058784272870980203151702880859375,0.005101893893384929108691938637321072746999561786651611328125,0.005465996492219789108790717335750741767697036266326904296875,0.00500334969226367935746235815486215869896113872528076171875,0.0057202769351534510366974473072332330048084259033203125,0.005651350932423888397126976457229829975403845310211181640625
0.006165381983192361019241456432382619823329150676727294921875,0.005500035302817794617691316005902990582399070262908935546875,0.005251573665628042099362549066654537455178797245025634765625,0.004693635077605761048158417025888411444611847400665283203125,0.00584275539894540951735280032153241336345672607421875,0.004905686995117101815988558399794783326797187328338623046875,0.004670618760525419195517304871145825018174946308135986328125
0.005672985639529447808582229839657884440384805202484130859375,0.005591570457680207668904603934834085521288216114044189453125,0.005761383061107240056986089626889224746264517307281494140625,0.00436168975151678996182713632379090995527803897857666015625,0.0047993119670823418398963866593476268462836742401123046875,0.0052419550643757785446386066041668527759611606597900390625,0.005255680039482602504408159660442834137938916683197021484375
0.005918667328130786282891495631020006840117275714874267578125,0.004471851906266905048170645642358067561872303485870361328125,0.00562392469550174016468258031409277464263141155242919921875,0.00466979488933582341514405555926714441739022731781005859375,0.0057671927731883197709716881718122749589383602142333984375,0.005975757233331367192230576534939245902933180332183837890625,0.004924202206349003775598394128110157907940447330474853515625
0.006697125849233972159912919863700153655372560024261474609375,0.005150018795835706493513317383303729002363979816436767578125,0.00515989007045129961792628847661035251803696155548095703125,0.00562206451793935933769486013034111238084733486175537109375,0.005840123173160982096574489474960500956512987613677978515625,0.005094502932449917510793202524155276478268206119537353515625,0.005420403197110624550492108397747870185412466526031494140625
0.005488348670144470829723726268412065110169351100921630859375,0.00456051676847418936688871582418869365938007831573486328125,0.005704058789356755872212989544323136215098202228546142578125,0.004939379004562605320061141611631683190353214740753173828125,0.006333931730031871869257553697707407991401851177215576171875,0.004683244485545231226841789151649209088645875453948974609375,0.005024926513573074564333875713373345206491649150848388671875
0.00449665174785545025681887665314206969924271106719970703125,0.0055985360309182725935261970562351052649319171905517578125,0.005574397370109818693195702365983379422686994075775146484375,0.00474490324234960909877134582757207681424915790557861328125,0.00528143787396235554754131413801587768830358982086181640625,0.0057252859833154846891378753070966922678053379058837890625,0.005850022357526257592297280751836296985857188701629638671875
0.005571595651247617832224623413139852345921099185943603515625,0.0053095057146095893385595587687930674292147159576416015625,0.005621317784425149642613117606515515944920480251312255859375,0.0055176250029642555372522139123248052783310413360595703125,0.005891833536393984750711982911752784275449812412261962890625,0.005743887898816244126642960310391572420485317707061767578125,0.0052842881146410829173998280339219490997493267059326171875
0.005207427706008555153005534776866625179536640644073486328125,0.00458168903073959653260427415943922824226319789886474609375,0.005887049035353033969719671603115784819237887859344482421875,0.004949354719913027188249454724200404598377645015716552734375,0.005204824267711395842372912312612243113107979297637939453125,0.00542914323588567816758487794004395254887640476226806640625,0.0056919499330320595664733929197609541006386280059814453125
0.0061176823126028144483878890014239004813134670257568359375,0.0061785229608294633951715013608918525278568267822265625,0.005798255489286539658688734988345458987168967723846435546875,0.00513058436742810410058357462048661545850336551666259765625,0.005577135355263897718847143636367036378942430019378662109375,0.005896884501967116117004952258184857782907783985137939453125,0.005644536036736670474300847644144596415571868419647216796875
0.00453878910387131052905917982798200682736933231353759765625,0.00618103854501929859954767465524128056131303310394287109375,0.005928940998447445979990799713732485543005168437957763671875,0.00508726717229468321235241745625899056904017925262451171875,0.005533092515952096022979755929327438934706151485443115234375,0.005460659849081463644571154958384795463643968105316162109375,0.005815368027049870602862569057833752594888210296630859375
0.0051001944124623131704421297172302729450166225433349609375,0.005345105683431973508934476058129803277552127838134765625,0.00462000657509873367823072243254500790499150753021240234375,0.00634456980798533097531954894066075212322175502777099609375,0.0060143278231440285008790880283413571305572986602783203125,0.0053433093638148472515059239640322630293667316436767578125,0.00513323288420869557058257015569324721582233905792236328125
0.0054104321860880648376035395585859077982604503631591796875,0.0063234885383919962886789534195486339740455150604248046875,0.005296894674615156180241815064846377936191856861114501953125,0.00539005685105627130315752992828493006527423858642578125,0.0053476485859997070770877058976111584343016147613525390625,0.004609533231982772261137171199152362532913684844970703125,0.00514143323996012722998383281947099021635949611663818359375
0.00519700943055021770400347946861074888147413730621337890625,0.005935521959486387937043883056276172283105552196502685546875,0.00575660805316491157312963622416646103374660015106201171875,0.005740561513416627716088758148771375999785959720611572265625,0.00423890254533172694539899794108350761234760284423828125,0.005615470264499677378877695588244023383595049381256103515625,0.005340769791199995696062696737271835445426404476165771484375
0.005819264373031339532271744019453763030469417572021484375,0.005430242416004114891503462558830506168305873870849609375,0.006189464981710772993606095582208581618033349514007568359375,0.0056649369528878786017589419543583062477409839630126953125,0.005277015734154043465065075935171989840455353260040283203125,0.004919331022212422750705673735183154349215328693389892578125,0.00527665140216663185179779560485258116386830806732177734375
0.0057470802115152340439063749499837285839021205902099609375,-0.0003548002981252650392916814237054268232895992696285247802734375,0.00553740091326928966786180552617224748246371746063232421875,0.005709283073919318475530904066772563965059816837310791015625,0.0052998915861750296729670850481852539815008640289306640625,0.005582210431557024267468225531274583772756159305572509765625,0.005747011594719669998199140792394246091134846210479736328125
0.0059939615822011405033009623366524465382099151611328125,0.005286065926010478747965048995638426276855170726776123046875,0.0058848256103411211714870887590222992002964019775390625,0.00493703214939232408464686585602976265363395214080810546875,0.005189359225443107050124158519111006171442568302154541015625,0.005335523017684751234668283359496854245662689208984375,0.005910554058148019540563922191722667776048183441162109375
0.006089105587551174418592392356686104903928935527801513671875,0.00569001548536481049911373020222526974976062774658203125,0.005130149162110314402240884845696200500242412090301513671875,0.005061149860789287101281441749733858159743249416351318359375,0.004903276674208613232497366851703191059641540050506591796875,0.0056401397209296620649521258883396512828767299652099609375,0.005529046906826810825474893817954580299556255340576171875
0.00515204454213221037239822663877930608578026294708251953125,0.0062442598056800975581115409340782207436859607696533203125,0.006243106347366622448091799668645762722007930278778076171875,0.005943035102118499578283117301680249511264264583587646484375,0.00481324537106345325121470324347683344967663288116455078125,0.005223081458910473935663976163823463139124214649200439453125,0.00499705141203606560684757909029940492473542690277099609375
0.005258250459014477372343687733291517361067235469818115234375,0.00582979545877574008294619289927140926010906696319580078125,0.0052354095901385767908298163320068852044641971588134765625,0.006176962122236738343683537522110782447271049022674560546875,0.005772611369081089884025548286672346876002848148345947265625,0.004478549491250546389642384070839398191310465335845947265625,0.005235563504775588017370324678267934359610080718994140625
0.005327042136688854394310776996235290425829589366912841796875,0.005248821844850863616027680791376042179763317108154296875,0.00568719437360562692085341751635496621020138263702392578125,0.005914596833137111646372385820313866133801639080047607421875,0.006122718740579453748640315069451389717869460582733154296875,0.00497311494450946960099724236670226673595607280731201171875,0.005218882131792011540294407012652300181798636913299560546875
0.0054143637361672991570316071374691091477870941162109375,0.0054400915058063249729602972593056620098650455474853515625,0.00574824688972948305565324744748068042099475860595703125,0.0051076604610809130113668885542210773564875125885009765625,0.005818946160944975416751123731273764860816299915313720703125,0.004807035831325057705087910875363377272151410579681396484375,0.005552663716250014376563104434580964152701199054718017578125
0.0061067823157825544544419216208552825264632701873779296875,0.005916117556420024022056924906109998119063675403594970703125,0.006023628339356147838590249676826715585775673389434814453125,0.00528423062989535376188232618233087123371660709381103515625,0.0046808456085112269684511687728445394895970821380615234375,0.005713969466792020134027207944882320589385926723480224609375,0.005169341457851501543674377359138816245831549167633056640625
0.004490518704808204621115041987877702922560274600982666015625,0.006395506321231667588855795969493556185625493526458740234375,0.005708509931458848919716420056147399009205400943756103515625,0.005183718866147165628410764526279308483935892581939697265625,0.0059640582642712762495573741716725635342299938201904296875,0.005759599080255417558049657600349746644496917724609375,0.00530610639370025782834972005730378441512584686279296875
0.004518133045763946149808720775808978942222893238067626953125,0.005731936440928931363048004499205489992164075374603271484375,0.004939560701473847716125309403878418379463255405426025390625,0.005463772898814697569214171579687899793498218059539794921875,0.006305614885645338500708145801354476134292781352996826171875,0.004905855025886126340173287729840012616477906703948974609375,0.00523199735017391108493622908781617297790944576263427734375
0.005279057075574238033777163536797161214053630828857421875,0.0051949174076602287752901787598602822981774806976318359375,0.0054026003846653035400660058940047747455537319183349609375,0.004876568258231478263098335190761645208112895488739013671875,0.00543924137399741207399284093071401002816855907440185546875,0.004999932909198400061978606601087449234910309314727783203125,0.005323819695262192903950637656862454605288803577423095703125
0.0057642520796672425120732441428117454051971435546875,0.0051290012076312362088170715423984802328050136566162109375,0.00559591542494663508888752545544775784946978092193603515625,0.005334421679486701928230019120746874250471591949462890625,0.00587616310278975435832382601120116305537521839141845703125,0.00639946932601475650115308013710091472603380680084228515625,0.005213430454170861309826090490560090984217822551727294921875
0.005955139801324469371601733058696481748484075069427490234375,0.0064396822138668881330136883889281307347118854522705078125,0.0057755374282434414345832607295960769988596439361572265625,0.00540355825207801399034934775045257993042469024658203125,0.006046136706346716925553064214682308374904096126556396484375,0.005269205774462667503377222288918346748687326908111572265625,0.006047431882354852190897265273861194145865738391876220703125
0.00463617279057514097839742817086516879498958587646484375,0.00443831870347357639039476140396800474263727664947509765625,0.005420212597814571924004223291149173746816813945770263671875,0.00616085155335942269427818018812104128301143646240234375,0.005806729763359399186517517676975330687128007411956787109375,0.00529586033933303335086151264476939104497432708740234375,0.00520917627465237141615173044328912510536611080169677734375
0.005252672339386554346829516504158164025284349918365478515625,0.005538175045357397741074834129904047586023807525634765625,0.005537205820278653066457419384960303432308137416839599609375,0.004734701496174306516173668768487914348952472209930419921875,0.0056350252651689476668384060076277819462120532989501953125,0.003997527102170534037128835080920907785184681415557861328125,0.005098982803866507380885497724420929444022476673126220703125
0.005812361268136595655875442645310613443143665790557861328125,0.00593422390315780610980933573728179908357560634613037109375,0.006348164475519324327634773652562216739170253276824951171875,0.005264853460635851405136076408552980865351855754852294921875,0.00548011918415362668521861877479750546626746654510498046875,0.0052778175569905515229773840246707550249993801116943359375,0.005840370230750293982502352463370698387734591960906982421875
0.0064198210581626058424120628842501901090145111083984375,0.00569920508020919057423636644443831755779683589935302734375,0.005547337889885514509991093490270941401831805706024169921875,0.00626870119867196928797881128048175014555454254150390625,0.00561845898064471625799054521621656022034585475921630859375,0.0052378100285412169945242766289084102027118206024169921875,0.004623857899776879186448663716646478860639035701751708984375
0.004770069035452589693846459084625166724435985088348388671875,0.004964623511926661257598336618457324220798909664154052734375,0.005703351162048754356692636946490893024019896984100341796875,0.00545096442992352818446288864606685820035636425018310546875,0.005329491115817965897483166060055737034417688846588134765625,0.00614112283069678799307666849927045404911041259765625,0.00491207623224758881119722531138904741965234279632568359375
0.00568264345369054284240473151612604851834475994110107421875,0.005613681543506316047598136975693705608136951923370361328125,0.00601069199240434302866642468643476604484021663665771484375,-0.00143916935892512086979377894380149882636032998561859130859375,0.005458049842970121197371913268625576165504753589630126953125,0.005056928473938650074603895490099603193812072277069091796875,0.00552374076565706646768649790146810119040310382843017578125
0.004979065256621791925317754845536910579539835453033447265625,0.005203235759593752111917819291875275666825473308563232421875,0.00453035165709349089968593915500605362467467784881591796875,0.006180621417840165103541050228841413627378642559051513671875,0.00496933728619447685759258348525690962560474872589111328125,0.006639677872793951773910947622425737790763378143310546875,0.005612916270227581543028616550827791797928512096405029296875
0.00504119534969799630574893711809636442922055721282958984375,0.005113364602356447290165686325735805439762771129608154296875,0.00544583856714257914799492965585159254260361194610595703125,0.00484051218928807820696125219228633795864880084991455078125,0.005464473091642878255225213024459662847220897674560546875,0.00600607196728676108465894145638230838812887668609619140625,0.005023616992578417740633600629962529637850821018218994140625
0.00553412423342112581858831532599651836790144443511962890625,0.004821154873178325021843004805077725904993712902069091796875,0.0054446118137309977569326946422734181396663188934326171875,0.005211997561131561686187385618040934787131845951080322265625,0.006227951792838823906472978109150062664411962032318115234375,0.0053672570401679629836788620877996436320245265960693359375,0.005362015058423379339214154271076040458865463733673095703125
0.005821016909748765073839837924651874345727264881134033203125,0.0055939658124120709981053067849643412046134471893310546875,0.0051163758190705642403539599172290763817727565765380859375,0.00666633707486145345166850262330626719631254673004150390625,0.005457932121498198195508333441239301464520394802093505859375,0.005048284434225340684687655112838911009021103382110595703125,0.005896325157913375088203356000349231180734932422637939453125
0.00596947568199472818062378820513913524337112903594970703125,0.005332497984545109780130101029271827428601682186126708984375,0.00528855962235174302532580981051069102250039577484130859375,0.0058899013390866956918490160433066193945705890655517578125,0.005690415002607800143419325422655674628913402557373046875,0.00613092074421270165351938175035684253089129924774169921875,0.00571970649002882629285959836806796374730765819549560546875
0.00566766896453036080061327339763010968454182147979736328125,0.005483512377046312856465615226397858350537717342376708984375,0.004364710265403945292639331654527268256060779094696044921875,0.0054976178443772553972035410652097198180854320526123046875,0.004981489391660376409021182553260587155818939208984375,0.0055838530040870672233044302856797003187239170074462890625,0.005695082285885060165153692679496089112944900989532470703125
0.0044004720293412506737507072784865158610045909881591796875,0.005644145544278657451731096017510935780592262744903564453125,0.00522348211275089520377878926638004486449062824249267578125,0.005364541649884919764790236484941488015465438365936279296875,0.006465349823847166277346332208253443241119384765625,0.00629534540848085237552123061277598026208579540252685546875,0.004946233479327713337958538630800831015221774578094482421875
0.00533608110758167046572264524684214848093688488006591796875,0.0051701249085524363102717160245447303168475627899169921875,0.004411198181378383521844543935230831266380846500396728515625,0.005826123945427140980724001195767414174042642116546630859375,0.005538112628930862667286927347731761983595788478851318359375,0.005900613217546667177426655825911439023911952972412109375,0.005105486944804627121030637937337814946658909320831298828125
0.00604451249990396559386152119941471028141677379608154296875,0.00590893429839702867545359055156950489617884159088134765625,0.00454824835019330443730556368109319009818136692047119140625,0.004647546095621645813322775353526594699360430240631103515625,0.0057137978421038550236321640340975136496126651763916015625,0.006215949719401410965280430076518314308486878871917724609375,0.005179599554875243851148614027124494896270334720611572265625
0.0041901383448351113558683067594756721518933773040771484375,0.004909077412018621015821207009821591782383620738983154296875,0.00569153170685020304286894088363624177873134613037109375,0.00525760281714492995475129788474077940918505191802978515625,0.0058011230724110719736419383707470842637121677398681640625,0.0051115434599746691068933301949073211289942264556884765625,0.005450491114122477977199654475271017872728407382965087890625
0.00516793175825086374686190282545794616453349590301513671875,0.005185235313356631285663933539353820378892123699188232421875,0.00587004136810131971202508793794550001621246337890625,0.0062854961200955079825281046623786096461117267608642578125,0.00514550459011530771091802449745955527760088443756103515625,0.00516432800064122073113725974735643831081688404083251953125,0.005719388055736208779922247202875951188616454601287841796875
0.00640600624033497469123066281326828175224363803863525390625,0.0046307761827093785189646268918295390903949737548828125,0.0049150539029335395257991336848135688342154026031494140625,0.004722916133701962441981958562564614112488925457000732421875,0.0048692841101407556558822165015953942202031612396240234375,0.006462068514959055064161841386294327094219624996185302734375,0.005010520819898548437743013295175842358730733394622802734375
0.004949572059255149571177501144347843364812433719635009765625,0.006760157858174513367810476438535260967910289764404296875,0.00602377352826878077751704410047750570811331272125244140625,0.00466816933458245354737758958663107478059828281402587890625,0.0041068408852197695046992720335765625350177288055419921875,0.005273254968891634246463961943618414807133376598358154296875,0.0051376774532165096764924072658686782233417034149169921875
0.00552343501733069085213312376936301006935536861419677734375,0.005859506421658665885343619805780690512619912624359130859375,0.005848761432046938220363774263432787847705185413360595703125,0.005031404671513619621114887792145964340306818485260009765625,0.006356366524688575152246539090583610231988131999969482421875,0.005989315674376834153225246382135082967579364776611328125,0.00531175944470567949762251913625732413493096828460693359375
0.004958016322518066058833152709439673344604671001434326171875,0.005705442181379360121196153698974740109406411647796630859375,0.005508504467082863710614137886523167253471910953521728515625,0.00547057544603136124139464158133705495856702327728271484375,0.00606783375186664523937007942322452436201274394989013671875,0.0061214255377108929556673189154025749303400516510009765625,0.00529264215095992009152414681238951743580400943756103515625
0.00560506167107084098122360416027731844224035739898681640625,0.00606619731828833032294401306216968805529177188873291015625,0.005744882776185920858491584795046946965157985687255859375,0.00546627987728773474807031362843190436251461505889892578125,0.005640345659718684796779530898902521585114300251007080078125,0.00605892097347625509240476304739786428399384021759033203125,0.00600268530532281456568721722533155116252601146697998046875
0.005337171093503670880886513572249896242283284664154052734375,0.005464226215599151358082163909557493752799928188323974609375,0.00546895469559747875176736187086135032586753368377685546875,0.005139544791080078410538956035225055529735982418060302734375,0.005398535202718203647453965032809719559736549854278564453125,0.005619276382396396103680036304695022408850491046905517578125,0.005433682015415729031626579370595209184102714061737060546875
0.005522090045973891692110413487171172164380550384521484375,0.00541471426467360524015237643880027462728321552276611328125,0.005346014131486457633679609813270872109569609165191650390625,0.00564369448641649333608949490326267550699412822723388671875,0.005911922420604988348546982024345197714865207672119140625,-0.0011915635490266818403981563534443921525962650775909423828125,0.005561397110128056021915998741178555064834654331207275390625
0.005588701325050646727399250579537692829035222530364990234375,0.004801574793271916330450466148249688558280467987060546875,0.00418751486627133399920364098534264485351741313934326171875,0.005006144788690472004211162726505790487863123416900634765625,0.004764610168406417135822383812637781375087797641754150390625,0.005196008286852936593203100557047946495003998279571533203125,0.00595978501858617122632910678703410667367279529571533203125
0.00585412838860963243015067547503349487669765949249267578125,0.006043106305922527239637975782216017250902950763702392578125,0.005015730092579467024049844070532344630919396877288818359375,0.006056004716027386935994769601165899075567722320556640625,0.00544620775312544547208659651005291379988193511962890625,0.005037045550314356127941106677781135658733546733856201171875,0.00541595354317867504201355899340342148207128047943115234375
0.005270411158470590835822822128875486669130623340606689453125,0.00449895493152592529373379193202708847820758819580078125,0.005925425270661903269509007685655888053588569164276123046875,0.005351056915298402043290604268577226321212947368621826171875,0.005625108299874376389937413733832727302797138690948486328125,0.00631196429358131354259153766861345502547919750213623046875,0.00532758485916814787664019803514747763983905315399169921875
0.005308904195483341893757600615799674415029585361480712890625,0.004733541444705152874405928997703085769899189472198486328125,0.00549613231669801756418269889081784640438854694366455078125,0.005436764945102544148436418680603310349397361278533935546875,0.005408732970285563997070443775783132878132164478302001953125,0.005282676072866139375949767753581909346394240856170654296875,0.004961128307334105626280607026501456857658922672271728515625
0.005116440969803840409235728969861156656406819820404052734375,0.005444732841669837862530467731403405196033418178558349609375,0.004742455187843123455559979362305966787971556186676025390625,0.0054375345069429259492466144365607760846614837646484375,0.004526815376719902674074180737306960509158670902252197265625,0.005221942428094755207779176231497331173159182071685791015625,0.005867753894210775596207430027106966008432209491729736328125
0.005772164013540951980896220874228674801997840404510498046875,0.005308403347275927365578329641948585049249231815338134765625,0.00525937824121626949780416993007747805677354335784912109375,0.0048983649852746453945417925979199935682117938995361328125,0.004704353913800714444282125015206474927254021167755126953125,0.00607099637934081261259056105927811586298048496246337890625,0.005574910199220403823894276484907095436938107013702392578125
0.00588505606582983599450731304614237160421907901763916015625,0.004684030816871134587919822678259151871316134929656982421875,0.004192118909677714118366953499617011402733623981475830078125,0.00436658742954452137874366002279202803038060665130615234375,0.00530588899499930856384910526912790373899042606353759765625,0.005000180925649484915684883645781155792064964771270751953125,0.005984408421539854326665075490154777071438729763031005859375
0.00546127158117534240722168448201045976020395755767822265625,0.005303675844048652034123936260812115506269037723541259765625,0.0052144508553971548325822737979251542128622531890869140625,0.004965973522984491912712901040549695608206093311309814453125,0.00426888791068683222384994024878324125893414020538330078125,0.005136318115062772637902099859275040216743946075439453125,0.00475525403692131191923930799703157390467822551727294921875
0.005721579164850852661228230999768129549920558929443359375,0.004971310053480423700456025670746385003440082073211669921875,0.004784956264045095615522473764258393202908337116241455078125,0.005657196068341119842004527384915490983985364437103271484375,0.005262979285417425899529231259066364145837724208831787109375,0.005589472633998763921592267678306598099879920482635498046875,0.005786116541074480361384058113571882131509482860565185546875
0.006034545693001903791941042953794749337248504161834716796875,0.0060710714931830160601133883346847142092883586883544921875,0.0043881912677722796634061097620360669679939746856689453125,0.005338815278475135539526519323771935887634754180908203125,0.00596304467891797980449997140794948791153728961944580078125,0.005441449432951730134921941584025262272916734218597412109375,0.0051780137312345229927412759707294753752648830413818359375
0.004863325440059201691667123412798900972120463848114013671875,0.0045350119564880504718917819673151825554668903350830078125,0.0048448562629602696938402317528016283176839351654052734375,0.005769139976652935992984527757698742789216339588165283203125,0.005354212079266643282970949968557761167176067829132080078125,0.00542210346935881153107583685368808801285922527313232421875,0.005289866685678937079095884854496034677140414714813232421875
0.0051553868624521388686066103446137276478111743927001953125,0.00415494087420061920801206412079409346915781497955322265625,0.0063419234143333065578662655070729670114815235137939453125,0.005488605133405777443400541670825987239368259906768798828125,0.005366164322153909975454677550033011357299983501434326171875,0.005017010236489364248535505197423844947479665279388427734375,0.005133799387425434269938140374733848148025572299957275390625
0.005594999185433656950505731941802878282032907009124755859375,0.00499475583158835896580018953727631014771759510040283203125,0.004854157240592374585042012569147118483670055866241455078125,0.00503346884366059378612678898434751317836344242095947265625,0.0053077853294204724310390020036720670759677886962890625,0.005280445476906640844827478531442466191947460174560546875,0.00481082014016869820294264314952670247294008731842041015625
0.0056138867432746451802128007102510309778153896331787109375,0.00497263511669584178098713067583958036266267299652099609375,0.0050703507931002152198107779668134753592312335968017578125,0.004842308094302173737677463805084698833525180816650390625,0.0052611544775478628899190169931898708455264568328857421875,0.00547827691678997967528186308072690735571086406707763671875,0.00565888284219832372878844495289740734733641147613525390625
0.00488116603079553727784212213691716897301375865936279296875,0.005898429429847367073957986605137193691916763782501220703125,0.00476452816169135352775132474789643310941755771636962890625,0.005116481806144557338555944880909009953029453754425048828125,0.0060450646068404730038015060245015774853527545928955078125,0.005075620692252654810039391719556078896857798099517822265625,0.005450464790270674771133219138619097066111862659454345703125
0.00569953817709476125152878722701643710024654865264892578125,0.005473035484821948438993732821700177737511694431304931640625,0.005243405268245018673034518741360443527810275554656982421875,0.004634276005118055825893197408049672958441078662872314453125,0.006213783753688154921912545347595369094051420688629150390625,0.00466790037402532893839879335473597166128456592559814453125,0.005139954507307723137465860219208479975350201129913330078125
0.00632451275086372451117444626333963242359459400177001953125,0.0057434005123870347786496637354503036476671695709228515625,0.00606592631942994009452974069063202477991580963134765625,0.004544938782750670806798165557438551331870257854461669921875,0.005834510096831634073932804085416137240827083587646484375,0.004970149608621749447168181035294765024445950984954833984375,0.005022984406623703761141097601239380310289561748504638671875
0.005181035613509477229243760376675709267146885395050048828125,0.00550574188438719171190260937009952613152563571929931640625,0.005210179334113545536466549634724287898279726505279541015625,0.00550893554738692177441539143956106272526085376739501953125,0.005361293601845507073022645272430963814258575439453125,0.004651821046342941197437870215480870683677494525909423828125,0.0051837528284787263987976047019401448778808116912841796875
0.0004804975059540855168542516917540297072264365851879119873046875,0.00854486884434406922250726523770936182700097560882568359375,0.00795422317951061282059743717809396912343800067901611328125,0.00825422411732892012670159687104387558065354824066162109375,0.007795065875810504307796833245447487570345401763916015625,0.007318367263723556115362356422338052652776241302490234375,0.008444794126180231452760693855452700518071651458740234375