0.005387532359714939690642498959505246602930128574371337890625,0.005362700608966698874457978973850913462229073047637939453125,0.005460755476501699505476050688912437180988490581512451171875,0.0052337477025366611893542057032391312532126903533935546875
0.005517258598546151589225861044951670919544994831085205078125,0.00550227280210112412728307162979035638272762298583984375,0.005617002864561570184276373396414783201180398464202880859375,0.00549136365188999941988612363275024108588695526123046875
0.005375633270622195113153107826065024710260331630706787109375,0.005524672936429920154510764263022792874835431575775146484375,0.00549013739131087689926413730745480279438197612762451171875,0.005397945557501966813707117154308434692211449146270751953125
0.00529295637494332782413408722277381457388401031494140625,0.005433535770865309706689760815834233653731644153594970703125,0.005532982493563148342075042052101707668043673038482666015625,0.005374370555280743970427703715131428907625377178192138671875
0.005681851057763680039325304704789232346229255199432373046875,0.0054509935950570360951861204057422582991421222686767578125,0.005485445580045112019818009940763658960349857807159423828125,0.00544383217893597282088791189380572177469730377197265625
0.00530468945436083673394822568525341921485960483551025390625,0.0054727830805110337653029972670992719940841197967529296875,0.005327333090068545572159930401312522008083760738372802734375,0.005247276832188557151026575553487418801523745059967041015625
0.00560758806274827374671598789745985413901507854461669921875,0.0055374726220262272813332771193017833866178989410400390625,0.005517413761677796013582764089733245782554149627685546875,0.005297428896556832973729900260195790906436741352081298828125
0.005519135114984586622244311371332514681853353977203369140625,0.00547987316716904392099873888355432427488267421722412109375,0.005475198168137756886408862300186228821985423564910888671875,0.005381894631792657167357329939250121242366731166839599609375
0.005177918216635564625793808346543301013298332691192626953125,0.005247633538034921114878716963403348927386105060577392578125,0.00537973982603204108066119459863330121152102947235107421875,0.005426049073891593861607152149417743203230202198028564453125
0.005284007606051475784691984216578930499963462352752685546875,0.00553824896832766366827627280144952237606048583984375,0.005337090669965754811954194991585609386675059795379638671875,0.00544113747730399187341188138589131995104253292083740234375
0.00529392356462113876369723897141739143989980220794677734375,0.0054326424197706953134190399623548728413879871368408203125,0.00551236601748071076978252591516138636507093906402587890625,0.005322011232407524404519616467723608366213738918304443359375
0.005595458693519996841436725532048512832261621952056884765625,0.005300056140867539893057891475791620905511081218719482421875,0.005543344966911896432026907177714747376739978790283203125,0.005623086592687264080592246529022304457612335681915283203125
0.005431713787530738878073233166787758818827569484710693359375,0.00551402876390995333455435911673703230917453765869140625,0.00571936994335219515972479342735823593102395534515380859375,0.00537471743353941204535129116948155569843947887420654296875
0.005514977295641483416577255383117517339996993541717529296875,0.0054502267928198920576843278240630752407014369964599609375,0.00534692587365178002845045313051741686649620532989501953125,0.0054528020048897653249131423081053071655333042144775390625
0.0053258719794859847584955758748037624172866344451904296875,0.005312262438669327312135148844163268222473561763763427734375,0.0056171818821720564951505139106302522122859954833984375,0.005365860653102533066316492948999439249746501445770263671875
0.00547106099642707781327555238704007933847606182098388671875,0.005395218113928581214755464401378048933111131191253662109375,0.00551248243129476810098221761791137396357953548431396484375,0.005471947335138512870378324493003674433566629886627197265625
0.005603922739190087508320825548935317783616483211517333984375,0.005311050776647966743804207823131946497596800327301025390625,0.005398942306905927211724272041237782104872167110443115234375,0.005519942928652048393101114953651631367392838001251220703125
0.005333829271088345348739157003592481487430632114410400390625,0.005501080365832741909948300218502481584437191486358642578125,0.0054654165334914010798694761206206749193370342254638671875,0.005159620653211034919938260401295337942428886890411376953125
0.005474354242203007502032274800285449600778520107269287109375,0.005347027041487979574785338598985617863945662975311279296875,0.005301413479951072420248703309653137694112956523895263671875,0.00541207431597293987801666759196450584568083286285400390625
0.005385377787874436050774562545484513975679874420166015625,0.005463201848082104537807079935873844078741967678070068359375,0.0053366206322752081370186516551257227547466754913330078125,0.0052530949797177477200715856042734230868518352508544921875
0.005547023709041816463827245797801879234611988067626953125,0.00542206432521353219600168671377105056308209896087646484375,0.005506584135987992699445836564109413302503526210784912109375,0.005403916427242063703906271854293663636781275272369384765625
0.005394079958629422778815243333383477875031530857086181640625,0.005398746837546659904649715144842048175632953643798828125,0.0052692986211030391763276981009767041541635990142822265625,0.0053520767982810253660108656958982464857399463653564453125
0.0054530115780964984184553401291850605048239231109619140625,0.005401431389193776973212113290401248377747833728790283203125,0.005614610386027685424992217377848646719940006732940673828125,0.005570155205347419001549180705978869809769093990325927734375
0.005458743052941974864544771861574190552346408367156982421875,0.005324230659050182591640609786054483265615999698638916015625,0.005427490091975508031130193131730266031809151172637939453125,0.005512083934390367249978037733626479166559875011444091796875
0.005264454635246774462375984882100965478457510471343994140625,0.0055179650315697846563178785572745255194604396820068359375,0.0053706064013604136453405857309917337261140346527099609375,0.005412693275916533215685877422629346256144344806671142578125
0.005585547167794501118021077701314425212331116199493408203125,0.005364665362304804445414685432069745729677379131317138671875,0.00554735991105991844973832627374576986767351627349853515625,0.005627435640498802509046338826692590373568236827850341796875
0.00530533359054473525884265683316698414273560047149658203125,0.005567822048523979154566188043418151210062205791473388671875,0.005277046953115178441751087490274585434235632419586181640625,0.00552278861231407687537586781445497763343155384063720703125
0.005409559704079545949806373528190306387841701507568359375,0.0054960283093703383994199640483202529139816761016845703125,0.0055196650464954220838276199856409220956265926361083984375,0.005425922847819862615548203166326857171952724456787109375
0.005453353430473941408640481398606425500474870204925537109375,0.0053371629282590038467759541163104586303234100341796875,0.00547017352612130976219351197187279467470943927764892578125,0.005489113665907594148685166857148942654021084308624267578125
0.00538037177862833899955052885388795402832329273223876953125,0.00532254072372904431242890410658219479955732822418212890625,0.0054421292174856687740014393739329534582793712615966796875,0.00554445319419566949592503846133695333264768123626708984375
0.00535633441773105366257023973730611032806336879730224609375,0.005559646673508778814964959025246571400202810764312744140625,0.00548822775772258956983318256561688031069934368133544921875,0.005601603508531238957701692271484716911800205707550048828125
0.005393291628056560461923485405577594065107405185699462890625,0.0054754657392004184301992353312016348354518413543701171875,0.005274315038074632762399307495115863275714218616485595703125,0.005276887495073563812131300920782450702972710132598876953125
0.005468832177245912251617454558072495274245738983154296875,0.005302560005887591194906338643022536416538059711456298828125,0.005418614457962635244658855526722618378698825836181640625,0.0055513164054995824125970926843365305103361606597900390625
0.00523725992135796840354355907720673712901771068572998046875,0.005294967126492323809816564761376866954378783702850341796875,0.00545070459703288039132740294689938309602439403533935546875,0.00541009471763189732362864248216283158399164676666259765625
0.00554264325160654276747340674091901746578514575958251953125,0.0054531007425459403215040055101781035773456096649169921875,0.0055254858452111303701581590530622634105384349822998046875,0.0054467694473766779805767868083421490155160427093505859375
0.00536654734355794353628521520249705645255744457244873046875,0.005464782750801955822639310866861706017516553401947021484375,0.005579833746636231328608346302644349634647369384765625,0.00560739623424956652730788420058161136694252490997314453125
0.00543270098799377397502663455952642834745347499847412109375,0.005433957267514119039708564429247417137958109378814697265625,0.005498117608941309984726952819755751988850533962249755859375,0.005516698796649879311948527771392036811448633670806884765625
0.005613422396369644427893685900698983459733426570892333984375,0.005477416613777839025922755666897501214407384395599365234375,0.005491589625855808863563733979162861942313611507415771484375,0.00546714217353921026754104417477719835005700588226318359375
0.00549325696495646560724157581034887698478996753692626953125,0.005650956228980292574137767047659508534707129001617431640625,0.00553418693806592525141763161400376702658832073211669921875,0.00545764010604603104492849041662339004687964916229248046875
0.005485039778811872344943534329786416492424905300140380859375,0.005286825012760496857178171836721958243288099765777587890625,0.005309426811717798781742327918209412018768489360809326171875,0.005402425505051543751233733559047323069535195827484130859375
0.005584645170033587964486532229102522251196205615997314453125,0.005321257101066921568754963800529367290437221527099609375,0.005400414053504600138400082443013161537237465381622314453125,0.0055375469876918388678621596454831887967884540557861328125
0.005219463082740897173772420813975259079597890377044677734375,0.005537583102011450937596226395953635801561176776885986328125,0.00548092331514234663847329187547074980102479457855224609375,0.00553342596729598790172843791879131458699703216552734375
0.0056168679662241018102353251606473349966108798980712890625,0.00539364357199306233836555435345871956087648868560791015625,0.005382487315154497152513979330024085356853902339935302734375,0.00540399953531709754950274060547599219717085361480712890625
0.005308151292262493388396382698601883021183311939239501953125,0.005550265957611014329409204748344563995487987995147705078125,0.005292406886373372636167555782549243303947150707244873046875,0.00547215654265435953729213025553690386004745960235595703125
0.00531722670820685035242281202272351947613060474395751953125,0.005459101034222895408587472587669253698550164699554443359375,0.005454368134466431282392218093946212320588529109954833984375,0.005464933791182460635915685287500309641472995281219482421875
0.0055967998054737254365331722283372073434293270111083984375,0.0055298830115633572368505355143497581593692302703857421875,0.00564865412438850765519671170977744623087346553802490234375,0.0054660071042141773756117828497735899873077869415283203125
0.005392566003888315563641331351618646294809877872467041015625,0.005465228981874355185244240828978945501148700714111328125,0.005366978031364435901273690632251600618474185466766357421875,0.00538336236554458856529148391700800857506692409515380859375
0.00555181981501849143578741774263107799924910068511962890625,0.0054751878049166709250261675379078951664268970489501953125,0.00538026629121136738820307954256350058130919933319091796875,0.005480350659920263552138397500357314129360020160675048828125
0.005338208856720246496541104619382167584262788295745849609375,0.005393754147884735443418957601124930079095065593719482421875,0.005381605205073371721302688541754832840524613857269287109375,0.005376266319608126627305200173623234149999916553497314453125
0.00538102592285156187956740581057601957581937313079833984375,0.005200684758596759750537419364491142914630472660064697265625,0.005488004322096999565427921652371878735721111297607421875,0.005535661402946236153699288706775405444204807281494140625
0.00508570126705418408541437003123064641840755939483642578125,0.00498661958504372122835679448371593025512993335723876953125,0.0047875182108574783346188752375383046455681324005126953125,0.00494657739845934425748641416475948062725365161895751953125
0.00485645188561704445329159085531500750221312046051025390625,0.00494684405743643813846421863900104654021561145782470703125,0.005102852567943064708566591747285201563499867916107177734375,0.00514503643856049040772315805725156678818166255950927734375
0.0048889751180113683037831151523278094828128814697265625,0.004837163654324238247494971432161037228070199489593505859375,0.0050341562667944594888780329711153171956539154052734375,0.004881756182909699655347868230137464706785976886749267578125
0.004868775252601871376956221837417615461163222789764404296875,0.004717021309328327770271638286203597090207040309906005859375,0.005070336083271147729900629741450757137499749660491943359375,0.00490527381707125433030203254247680888511240482330322265625
0.004994274954464294861977702311151006142608821392059326171875,0.00494890138072516354295071749902490410022437572479248046875,0.00485812128408989740702139670247561298310756683349609375,0.00499651051589517121442884928228522767312824726104736328125
0.00511278436000571663566649505128225428052246570587158203125,0.005094361820673776707069091429502805112861096858978271484375,0.00489492651363770438222022818308687419630587100982666015625,0.00489714444326182392341895166509857517667114734649658203125
0.0050512275978732180947705643347944715060293674468994140625,0.004938585174935494585823914093225539545528590679168701171875,0.00499938329673166835520614625920643447898328304290771484375,0.004783770345764164384771977012178467703051865100860595703125
0.0049590179479251095262526405349490232765674591064453125,0.0049826393782035315049849799606818123720586299896240234375,0.004946637752738849806710685896860013599507510662078857421875,0.00496516545691027579023657523293877602554857730865478515625
0.005055519873514821745097425065296192769892513751983642578125,0.004819257834405663888655002580208019935525953769683837890625,0.0051690404013251360637593023739100317470729351043701171875,0.00494422375816233432288537841259312699548900127410888671875
0.00507896611220065054281835870142458588816225528717041015625,0.0050916978692273247297794824817174230702221393585205078125,0.005072882072581300257063663394774266635067760944366455078125,0.004979011549273823673822381152831439976580440998077392578125
0.00484609548777596189916838653743980103172361850738525390625,0.00500090639439586259751280294949538074433803558349609375,0.005037038777597340442893081302599966875277459621429443359375,0.005093897302422878414773776967194862663745880126953125
0.004861446213215880017555203806978170177899301052093505859375,0.004889570233888157306523236655948494444601237773895263671875,0.004942816515929890873459751077234614058397710323333740234375,0.004925623235778387766503616518320995965041220188140869140625
0.005174122613428484840358834162543644197285175323486328125,0.004973075201102233368344318620302146882750093936920166015625,0.00509224990210118376443571008849175996147096157073974609375,0.00480427204806914594226174841651300084777176380157470703125
0.00509013343907093775142502778408015728928148746490478515625,0.00512965379252547197530542888443960691802203655242919921875,0.0049698587796926652071505259300465695559978485107421875,0.005077162775060127704318535535321643692441284656524658203125
0.00500887832328729236397446555884016561321914196014404296875,0.0049858998077855383457279714320975472219288349151611328125,0.004882280114651354509247571655805586487986147403717041015625,0.0050001100352059964226913990614775684662163257598876953125
0.0048731470310017822866743841814241022802889347076416015625,0.004842978360123136559456380467736380524002015590667724609375,0.005104587380968683522908246885663174907676875591278076171875,0.004786540140480695371127950465961475856602191925048828125
0.004831795377104618205432728927917196415364742279052734375,0.005171099625536682529991505674615837051533162593841552734375,0.004988255244363159514320305021328749717213213443756103515625,0.004872552831090886694964670056151589960791170597076416015625
0.00500951879338957899168160992076082038693130016326904296875,0.004894555534078938278941262041144000249914824962615966796875,0.00485373999077409919167269691797628183849155902862548828125,0.005075778442122078938647522505789311253465712070465087890625
0.00482195973707407431196880764900924987159669399261474609375,0.00494554489736932258170387655127342441119253635406494140625,0.0049582272080075096010176594063523225486278533935546875,0.004895874571926817249434282786069161375053226947784423828125
0.005009747210435501647840528249844282981939613819122314453125,0.004951290844086052474193326844442708534188568592071533203125,0.00492379552041766199721450902870856225490570068359375,0.0049994170157625673900358975743074552156031131744384765625
0.0050812388385157274128811621949353138916194438934326171875,0.00493960874896392891642005196217724005691707134246826171875,0.00496593611167690969498966779838156071491539478302001953125,0.004909919741625291995934521338540434953756630420684814453125
0.004950625186623752206627191441157265217043459415435791015625,0.00494887711796738495595437967722318717278540134429931640625,0.00498335016900552409124802721862579346634447574615478515625,0.005117359335192832835159659765622564009390771389007568359375
0.0050040874350681420479336480866550118662416934967041015625,0.004949632180809240659946635076948950882069766521453857421875,0.004946620244438904544226343062973683117888867855072021484375,0.004840021405714696987876433098563211387954652309417724609375
0.004909107348615359030230553827323092264123260974884033203125,0.004949748895491565790771826272020916803739964962005615234375,0.004954078175545627293896444598431116901338100433349609375,0.00499366653064163730502134086464138817973434925079345703125
0.004887680006759619923129012164508822024799883365631103515625,0.004798327912501984364446183661812028731219470500946044921875,0.00504788699202781028507747151934381690807640552520751953125,0.00492105119416848778290951571534606046043336391448974609375
0.004921173723757496683284262672941622440703213214874267578125,0.004920329551463749860606977648558313376270234584808349609375,0.0051370353523046176358324288457879447378218173980712890625,0.00489008365799499522541537999131833203136920928955078125
0.00491751507066100039533562693350177141837775707244873046875,0.004911332252830392930409431073712767101824283599853515625,0.0049948442352943968336465019319803104735910892486572265625,0.005004266174320300651634507715925792581401765346527099609375
0.00489148268463051281995657149082035175524652004241943359375,0.005029290363468161446924842294947666232474148273468017578125,0.004795261576919629571691405800493157585151493549346923828125,0.005027412437724149661677497391565339057706296443939208984375
0.004842770083388021028214520669052944867871701717376708984375,0.00505210463708641137337007620544682140462100505828857421875,0.005207565090757606228455411923050633049570024013519287109375,0.00503108857228208410095060543198997038416564464569091796875
0.005096514133961391364302517814621751313097774982452392578125,0.00496573361066149181197726392156255315057933330535888671875,0.00488032337078745694081138850606293999589979648590087890625,0.004996082492460983230653237541218913975171744823455810546875
0.004816869671764401582281234226456945179961621761322021484375,0.00488041689330241147681821445303285145200788974761962890625,0.004870005373411969047670044830056212958879768848419189453125,0.004965592045046723738976890416552123497240245342254638671875
0.004965007155475276330591771767331010778434574604034423828125,0.004878652318741481808128668262725113891065120697021484375,0.005031439065836885819738011349500084179453551769256591796875,0.005101496407249178459408778252281990717165172100067138671875
0.004914758514771880477944865361905613099224865436553955078125,0.004989706919301267924737874892571198870427906513214111328125,0.004735043048009124865005414761753854691050946712493896484375,0.005087519054992778975987643974576712935231626033782958984375
0.005021507800996951632888087857509162859059870243072509765625,0.004990629768895227767744326996535164653323590755462646484375,0.004752804750639125740130364050628486438654363155364990234375,0.0049533253869167466476586270118787069804966449737548828125
0.004990336440487258377884938198576492141000926494598388671875,0.0049773775580757330383452341493466519750654697418212890625,0.004846706925951940227170755548513625399209558963775634765625,0.004878157807040733005832233715182155719958245754241943359375
0.004831944406233791740323813002078168210573494434356689453125,0.0048915749881517818498100069746215012855827808380126953125,0.005075978623363436477433641158540922333486378192901611328125,0.00483833793750068109906781188556124106980860233306884765625
0.004915555059114587628521508833046027575619518756866455078125,0.0049927802835838634709642036568766343407332897186279296875,0.005012943959881510820608685463639631052501499652862548828125,0.0048928172815936483985854721368013997562229633331298828125
0.0048893766468179993001097471960747498087584972381591796875,0.004894318060595668172518823979544322355650365352630615234375,0.005046614906467025186975750017381869838573038578033447265625,0.00479709408940523669706568199444518540985882282257080078125
0.005046497219935146098801492797747414442710578441619873046875,0.00478264759079073502323620203924292582087218761444091796875,0.005079561331477890941121788870304953888989984989166259765625,0.00471561107459039959011182219228430767543613910675048828125
0.00497474025584652458642498373819762491621077060699462890625,0.005218458291530918800871230445181936374865472316741943359375,0.004963736446699504485657872265846890513785183429718017578125,0.004975869892493045565373677163734100759029388427734375
0.00494943287972617225467519830317542073316872119903564453125,0.004947447030935745067303788147228260640986263751983642578125,0.005082284024722058014822412275179885909892618656158447265625,0.005054770758633662063041835921239908202551305294036865234375
0.0050456111940943744464949105577034060843288898468017578125,0.004973187153156228591799337124257363029755651950836181640625,0.004962176216079778635903441141863368102349340915679931640625,0.005048266418371007147047890839530737139284610748291015625
0.00493537927452884946089017859094383311457931995391845703125,0.00495037338399798541865859391464255168102681636810302734375,0.005043231774126659926194005123534225276671350002288818359375,0.004829149176944577508130418408427431131713092327117919921875
0.004970337481890294180353340181000021402724087238311767578125,0.005092995296571843806543444799217468244023621082305908203125,0.005113327122222513336502469627475875313393771648406982421875,0.005006020542188223919344292056621270603500306606292724609375
0.004907650334773082899386675848063532612286508083343505859375,0.005147706923217028156247732084693780052475631237030029296875,0.00509724701932527841929942979959378135390579700469970703125,0.004924051398564776270416754044845220050774514675140380859375
0.004951436816601573719098805526073192595504224300384521484375,0.0051199673894090948211843539183973916806280612945556640625,0.005016915749140955262108665380083039053715765476226806640625,0.0049277174726346552324773853115402744151651859283447265625
0.005075240251261437830765377299258034327067434787750244140625,0.00488643714861153148631967013670873711816966533660888671875,0.00509322854832532090352259501742082647979259490966796875,0.004878057317769028851384138789626376819796860218048095703125
0.005004814178942783124692805785116433980874717235565185546875,0.004856410291240156364145352796413135365583002567291259765625,0.0048633476143220936982469737586143310181796550750732421875,0.004990697684624838259548340602123062126338481903076171875
0.0048538956456749826617880216872435994446277618408203125,0.00496406115184438133380862012700163177214562892913818359375,0.004810666698210677542923985328116032178513705730438232421875,0.005043527257905792982040082961248117499053478240966796875
0.0049133031227607225355225040175355388782918453216552734375,0.004931823996502152605836410970141514553688466548919677734375,0.005082833898895743572621253036913913092575967311859130859375,0.0049801387550825020056333158890993217937648296356201171875
0.004827484912185817274299370893686500494368374347686767578125,0.0046191490978622733176717218839257839135825634002685546875,0.00472730418896110012039191161647977423854172229766845703125,0.004803509670314641544219824709216482006013393402099609375
0.005087078010960993483535741432888244162313640117645263671875,0.0047395309651618588997479264435241930186748504638671875,0.00496370184784730890392712154834953253157436847686767578125,0.004902394520553084167335811116572585888206958770751953125
0.00482685063050607154888638206102768890559673309326171875,0.00495172428938580981572226136222525383345782756805419921875,0.00472821695576193523624652925718692131340503692626953125,0.004756642217593657663565753779266742640174925327301025390625
0.0049038543284996120863450386195836472325026988983154296875,0.004893325924349482825004287178671802394092082977294921875,0.0047544704690414101022621906622589449398219585418701171875,0.004767808804161523077158602035297008114866912364959716796875
0.00491801359101154932085275817144065513275563716888427734375,0.0049639506206654269993006067807073122821748256683349609375,0.004826972783611531252201398700663048657588660717010498046875,0.00481356534232966863651181910199738922528922557830810546875
0.004791743093867478243963464734633816988207399845123291015625,0.004828673422624809620506969309872147277928888797760009765625,0.004881390628521762621583324204266318702138960361480712890625,0.00471663843297770619955588955463099409826099872589111328125
0.004834699557913761658323181791274691931903362274169921875,0.00465283153073906517727120757399461581371724605560302734375,0.00479375500170359063190073101168309221975505352020263671875,0.005010832813105729234559593265885268920101225376129150390625
0.00488065525172880730619962008631773642264306545257568359375,0.004763699448796543910178424852119860588572919368743896484375,0.004680011233142771127913039919121729326434433460235595703125,0.004933508543664233934877838549937223433516919612884521484375
0.00498817716133979731363279341849192860536277294158935546875,0.004779491140469024727799318696952468599192798137664794921875,0.0050370822972906868775222477552233613096177577972412109375,0.00480768587255725292350927446705100010149180889129638671875
0.004886806787090144411911385446956046507693827152252197265625,0.004866115717244312403877426476128675858490169048309326171875,0.004795388549354307090866189611233494360931217670440673828125,0.004880504395499971233285396721157667343504726886749267578125
0.0047667570267569230046955652824181015603244304656982421875,0.00485181169144754780020445394939088146202266216278076171875,0.004759250745983735313149320944603459793142974376678466796875,0.004725543102331252430514663132044006488285958766937255859375
0.00489445143799568417597445346700624213553965091705322265625,0.00481443371266086772575221175429760478436946868896484375,0.004755622169198493905117874902543917414732277393341064453125,0.00497126203308360069266225167439188226126134395599365234375
0.004939494118785595945519961702530054026283323764801025390625,0.004756527875439039813876274109816222335211932659149169921875,0.00472256816833386931786531448551613721065223217010498046875,0.00473623478594574660871519000693297130055725574493408203125
0.004951273966907761281408539844051119871437549591064453125,0.00497070908167524840026718635499491938389837741851806640625,0.004942911808483849665785125893080476089380681514739990234375,0.004807973666065405195235715751778116100467741489410400390625
0.00484034944493910886109677704780551721341907978057861328125,0.00468931949350305521395654295702115632593631744384765625,0.0047970796609321485204358026521731517277657985687255859375,0.00505572922438471232531309595970014925114810466766357421875
0.0049366881454318833899463925263262353837490081787109375,0.004694018717223924670733925523791185696609318256378173828125,0.00472557147782080681774896646629713359288871288299560546875,0.00488566741125159333114513771079145953990519046783447265625
0.00479817399073833271427869107128572068177163600921630859375,0.004885121783676035604748744134440130437724292278289794921875,0.004990268928646810452087745346716474159620702266693115234375,0.0048660844094662071557255700327004888094961643218994140625
0.00479213531173374764071670739440378383733332157135009765625,0.0049239727804326581528382433816659613512456417083740234375,0.004681857072615628993783598588152017327956855297088623046875,0.00485885453577423846727167955350523698143661022186279296875
0.00495435183830075960564887083137364243157207965850830078125,0.00480554746295561684144015401898286654613912105560302734375,0.00472872511646874570112597524484954192303121089935302734375,0.0048952332954465098413532331278474885039031505584716796875
0.0046572043202668111927522431869874708354473114013671875,0.004836159639200285180471450274808375979773700237274169921875,0.004685234883838211746021062964473458123393356800079345703125,0.00479436106848473396480070363168124458752572536468505859375
0.0048973999386155396551512097857994376681745052337646484375,0.00483779602851187005840838395442915498279035091400146484375,0.004859158408214657963453131372943971655331552028656005859375,0.004868984521634305874526749136066428036428987979888916015625
0.0048940522221818417991645588926985510624945163726806640625,0.004654401457381498845300438205185855622403323650360107421875,0.004781558811398784088197988495494428207166492938995361328125,0.004856414510322968648703412242184640490449965000152587890625
0.00476130202191980649029101613223247113637626171112060546875,0.004989654942792044571564513688599618035368621349334716796875,0.004848674919914906268625376384306946420110762119293212890625,0.0046992829129883610661533310803861240856349468231201171875
0.004756320068212420600073375709371248376555740833282470703125,0.00474040097216911308908304789611065643839538097381591796875,0.004850736479187357785836098855725140310823917388916015625,0.004786901134346919529927166792049320065416395664215087890625
0.00474683870425579405860627701940757106058299541473388671875,0.004761607963259786337195667016430888907052576541900634765625,0.004863030779641833688253793610556385829113423824310302734375,0.004662210667792060329872594337530244956724345684051513671875
0.00480590563774868813340379603005203534848988056182861328125,0.00479868930042423764981140976715323631651699542999267578125,0.004763242636013398194350099146276988903991878032684326171875,0.004769975883784992320979512214762507937848567962646484375
0.004884835667405198512958097722957973019219934940338134765625,0.004784531243515888730699625597253543674014508724212646484375,0.00480730628519896070749428673707370762713253498077392578125,0.0048118437432735812475659287201779079623520374298095703125
0.00467994606067883602007473342609955579973757266998291015625,0.00488875443204322794599203660936836968176066875457763671875,0.004840177466351202641148265826132046640850603580474853515625,0.004654389867416420904777663025697620469145476818084716796875
0.004715253963920386197361533930916266399435698986053466796875,0.00480873265515170157657909300041865208186209201812744140625,0.0048425792583211106634433207318579661659896373748779296875,0.004678184256987349097511863504905704758130013942718505859375
0.004775312202626682232808885686381472623907029628753662109375,0.0048095907521556284514030465970790828578174114227294921875,0.004917630540464364326258550619286324945278465747833251953125,0.004970630588881807220003050673540201387368142604827880859375
0.0047497917959114059616165803845433401875197887420654296875,0.004780866514431517284855477356586561654694378376007080078125,0.004943124055943379398236903199403968756087124347686767578125,0.005038176538946182066169843238867542822845280170440673828125
0.00495935858662176036470992102067611995153129100799560546875,0.0047945180215387128708215414008009247481822967529296875,0.0048424205360215986926331055428818217478692531585693359375,0.004906830289864608056482619957705537672154605388641357421875
0.00473157083601917494153354937225230969488620758056640625,0.00502624296942529545650923950006472296081483364105224609375,0.00491837923657402649457726084847308811731636524200439453125,0.004796674106979033173903115283565057325176894664764404296875
0.00490225855713660903234529797600771416909992694854736328125,0.00497573472461650991027770629671067581512033939361572265625,0.004733736449036664295508813893320620991289615631103515625,0.004800433156123311111140861129342738422565162181854248046875
0.004856149306079242389255767875511082820594310760498046875,0.00469724829153946900339722247963436529971659183502197265625,0.00470386327044004619313266601920986431650817394256591796875,0.004965933187518777915114842613775181234814226627349853515625
0.004928148015910447689302831264512860798276960849761962890625,0.0048332404649797898466001555561888380907475948333740234375,0.004777696666831423959187485905886205728165805339813232421875,0.00480934538876159715925506787925769458524882793426513671875
0.004882157993816606082748688066885733860544860363006591796875,0.004732571297860224852904753589655229006893932819366455078125,0.004894193683873847115772814930778622510842978954315185546875,0.00490791280852150187119509183730770018883049488067626953125
0.0048974073241307182480230864030090742744505405426025390625,0.00486577976861198545355247091492856270633637905120849609375,0.004908860490827594846852122145719476975500583648681640625,0.004968654057993065510656638394948458881117403507232666015625
0.0047947680959595506688941668471670709550380706787109375,0.0047022440245603029651544346734226564876735210418701171875,0.004822801312248047554687158111619282863102853298187255859375,0.004873687351522166220918474976997458725236356258392333984375
0.005104691105690451792542550180087346234358847141265869140625,0.0048409092909995343756435204340959899127483367919921875,0.004722073662071135137507926771149868727661669254302978515625,0.004790043709477384732686733315176752512343227863311767578125
0.004878995023125367626326553960325327352620661258697509765625,0.00476199350464867089682829970342936576344072818756103515625,0.004763982696699566032894068712266744114458560943603515625,0.004901587709994980994465674228877105633728206157684326171875
0.00497216949043205978797654864820287912152707576751708984375,0.00489197630996540504255687409340680460445582866668701171875,0.00489497315739018633296009141986360191367566585540771484375,0.004709825064530171086218945930568224866874516010284423828125
0.004900267392087321628724172484226073720492422580718994140625,0.005015630526496102879752125858203726238571107387542724609375,0.00490416490369027964490999949020988424308598041534423828125,0.004877237661095822594814475081648197374306619167327880859375
0.00502467694075139741094471190763215417973697185516357421875,0.005004047679188788726178938048860800336115062236785888671875,0.004843711089391795725223044399854188668541610240936279296875,0.0049432396046908515241380399629633757285773754119873046875
0.00479245953360829014811006487661870778538286685943603515625,0.005039036246535558670467391806369050755165517330169677734375,0.004970892710978887067685416667472964036278426647186279296875,0.0047693890875154555664128253056333051063120365142822265625
0.00494193701688521412618282369066946557722985744476318359375,0.004749158514819566169473663563849186175502836704254150390625,0.004668779930531406774374403312322101555764675140380859375,0.00480994446454118158851276376708483439870178699493408203125
0.004696918623397658594520454045095902984030544757843017578125,0.00493192480318471217215492430341328145004808902740478515625,0.004671564228198281897019850106289595714770257472991943359375,0.004998825845214938980165531035027015605010092258453369140625
0.004778979627168010273219334038685701671056449413299560546875,0.004750053575391452974352457516715730889700353145599365234375,0.0046885863799406013452397701257723383605480194091796875,0.004933742398523069221105696868789891595952212810516357421875
0.004700048146902102534638867581406884710304439067840576171875,0.0048506553754098825914642389989239745773375034332275390625,0.00488985647129486396267328274234387208707630634307861328125,0.004703496926850013991339150010162484250031411647796630859375
0.00512433162670079649092524931575098889879882335662841796875,0.0048994141685837593047647686717027681879699230194091796875,0.0048393511632489338847307180913048796355724334716796875,0.004746413759048950971319857927710472722537815570831298828125
0.004692230110131472876899838553299559862352907657623291015625,0.004856655696205971865786477081883276696316897869110107421875,0.004796963954545387619210483620690865791402757167816162109375,0.00483012245778761950543156444837222807109355926513671875
0.00480049672190054933784697510645855800248682498931884765625,0.004770011905189236282864850835494507919065654277801513671875,0.004590737911758937563055926744937096373178064823150634765625,0.00463031864448399353706431469390736310742795467376708984375
0.0046532280939431021338226202033183653838932514190673828125,0.00483628229597284596541495460542137152515351772308349609375,0.004817880635166471581243285982054658234119415283203125,0.0048202890695103854656888842100670444779098033905029296875
0.004870890623096056637475470552089973352849483489990234375,0.0049075284320121877190690184988852706737816333770751953125,0.00473328851032779086838164772643722244538366794586181640625,0.004800237895910548606426271334157718229107558727264404296875
0.0047902837651193942714034079699558787979185581207275390625,0.004712207809696556705392200825599502422846853733062744140625,0.0047154314516066990481402143586819875054061412811279296875,0.004636608669388780044895437271179616800509393215179443359375
0.00471952706588550825739236671552134794183075428009033203125,0.004743663141941385254229945900306120165623724460601806640625,0.0046033717575762918283732716417944175191223621368408203125,0.004799107608659252711957865500380648882128298282623291015625
0.004755733488335272228508809888580799452029168605804443359375,0.004842829812618665817625096536858109175227582454681396484375,0.00466731699427374961686165732999143074266612529754638671875,0.004840800503654803764452818626295993453823029994964599609375
0.0045965903067502096590590809910281677730381488800048828125,0.004675321773327352319060690177821015822701156139373779296875,0.004749184388982192854544717164344547200016677379608154296875,0.004730983059000048139564054139327708980999886989593505859375
0.004663907868427603388428170916313320049084722995758056640625,0.0047968982181509946249864384526517824269831180572509765625,0.00476260430200842015124873540798944304697215557098388671875,0.0047246224886788139307736145156013662926852703094482421875
0.0047267738757156736728592960616879281587898731231689453125,0.004778869479695929504969864609620344708673655986785888671875,0.00479896358765795165435275038134932401590049266815185546875,0.00498544890513351497685068380860684555955231189727783203125
0.004756653395567325866288843627671667491085827350616455078125,0.004801786962388161945913811479158539441414177417755126953125,0.004728216773362980789030540762496457318775355815887451171875,0.004898043450387002360757460195372914313338696956634521484375
0.004966321160729965898672499946542302495799958705902099609375,0.004833389915334073728969688232837143004871904850006103515625,0.004754894106956625808579897096706190495751798152923583984375,0.004668253511071308349544839444433819153346121311187744140625
0.00461807358055066341506744720390997827053070068359375,0.004594370501360395438184003324977311422117054462432861328125,0.00456088671387590120775978874689826625399291515350341796875,0.004703603064958769043590880443161950097419321537017822265625
0.00463247745440356108181934047252070740796625614166259765625,0.004741036551957286855618622922747817938216030597686767578125,0.00472079217723501802506103075529608759097754955291748046875,0.00466464527317881315349179516260846867226064205169677734375
0.00475637763762223018948471775502184755168855190277099609375,0.004709762900804398237653014547277052770368754863739013671875,0.004743217799185155646168876586443730047903954982757568359375,0.004799362348007923419201947723422563285566866397857666015625
0.004535408822248274997301908939562054001726210117340087890625,0.004824439638096255332511130831107948324643075466156005859375,0.00461060931263821381642653562948908074758946895599365234375,0.004623226447471325863125546362653039977885782718658447265625
0.0048785553370447078125327067255057045258581638336181640625,0.004901649276736743006399610322887383517809212207794189453125,0.004671580573458722178414870285223514656536281108856201171875,0.004867549966809076901486097455062918015755712985992431640625
0.004775919794011350590079434397239310783334076404571533203125,0.004855677466726771897287395773901153006590902805328369140625,0.00484766072250282335776017106354629504494369029998779296875,0.00462847749098285569935296024368653888814151287078857421875
0.00470338765396611548086358567388742812909185886383056640625,0.004712891198701998733688878218117679352872073650360107421875,0.0047982620251152581503095717607720871455967426300048828125,0.00463531861171932214882307476955247693695127964019775390625
0.0047582232725555673180650728681939654052257537841796875,0.004843892086272711013095193521849068929441273212432861328125,0.00465916520217937550618625408560546929948031902313232421875,0.004834670391568073218035994642605146509595215320587158203125
0.0046513398659599712592349618489606655202805995941162109375,0.004746149531478865112033016515624694875441491603851318359375,0.004817655109748138209102563678243313916027545928955078125,0.004551980908075465258322278572222785442136228084564208984375
0.0048026303150060893620842961126982118003070354461669921875,0.004739404386694679761904414050377454259432852268218994140625,0.00469647216926701027706059221600298769772052764892578125,0.00468832792494577009489997720947940251789987087249755859375
0.004753894542123153488244469144774484448134899139404296875,0.004649311087814140229512727131577776162885129451751708984375,0.00470231715493662875970937164993301848880946636199951171875,0.004670033448934705032351555331615600152872502803802490234375
0.00487433092096422292127666509031769237481057643890380859375,0.00475709738873302152850630619695948553271591663360595703125,0.004761640538433178394817080203438308672048151493072509765625,0.004709536666903422520713551335802549147047102451324462890625
0.00465802402582718259871352728396232123486697673797607421875,0.004660072069497897366552319198262921418063342571258544921875,0.0047561735340927897841556415414743241854012012481689453125,0.0048011950818573241595021983130209264345467090606689453125
0.00475333539078055984650195142648954060859978199005126953125,0.004683718608714406046733547128724239883013069629669189453125,0.00479918669191978057575465044237716938368976116180419921875,0.004884791495933147285890552069531622692011296749114990234375
0.00483169649976767333343641297460635541938245296478271484375,0.00483740846189204508343006949644404812715947628021240234375,0.004683538680870537145028986714123675483278930187225341796875,0.00465542348255065276119157857692698598839342594146728515625
0.004837099879938445111393630071461302577517926692962646484375,0.004673858155390622597102900925847279722802340984344482421875,0.004904754200131845008614472902763736783526837825775146484375,0.004990891266760798250512465301653719507157802581787109375
0.004833175193476865923181140516362574999220669269561767578125,0.004859972447786571440875302840822769212536513805389404296875,0.00480350971075271283849961179157617152668535709381103515625,0.00484707688009164937292805319657418294809758663177490234375
0.004820237150506146393824646878556450246833264827728271484375,0.004704918915955573315013094060077492031268775463104248046875,0.004627623079158058559678945442783515318296849727630615234375,0.0047674648353381969545505825180953252129256725311279296875
0.004879882658081585201925722827809295267798006534576416015625,0.004629870330962297837740226924552189302630722522735595703125,0.004776540826732654683450807198141774279065430164337158203125,0.0047584238233465449285919390831622877158224582672119140625
0.0047041839656552265902522691476406180299818515777587890625,0.004572065305152093854512695969560809317044913768768310546875,0.004714491437118574317099994885893465834669768810272216796875,0.004753772821523485382633200657664929167367517948150634765625
0.004705253229772588495494201055180383264087140560150146484375,0.00484553426415879236188732903656273265369236469268798828125,0.004839746591498716131451995892120976350270211696624755859375,0.004734935267510530232382137683089240454137325286865234375
0.004630148960872119447140793369044331484474241733551025390625,0.004497129238114318076913189514698387938551604747772216796875,0.0047190562214172206145779142616447643376886844635009765625,0.004955299051414917277380567384170717559754848480224609375
0.004784258309011545085009942113174474798142910003662109375,0.00454607071399831287605852736533051938749849796295166015625,0.004882705929047342734150571885720637510530650615692138671875,0.004780860869546204629243479899969315738417208194732666015625
0.004758066048517396728900763491765246726572513580322265625,0.00496493929488181669207325086290438775904476642608642578125,0.004559362031319474754809117911236171494238078594207763671875,0.004776263225039709299502010964033615891821682453155517578125
0.00465669921728513284964190432901887106709182262420654296875,0.004844894421546988051707760547515135840512812137603759765625,0.004641210004860203165721888041161946603097021579742431640625,0.0048877676884856967320924781006397097371518611907958984375
0.004749346783736704651068816218639767612330615520477294921875,0.005000154192215169705881816497594627435319125652313232421875,0.0048236542872239947243873103843725402839481830596923828125,0.004624028834891506269111349780587261193431913852691650390625
0.004699833738278019930334483689193803002126514911651611328125,0.004606672179502435508779978334814586560241878032684326171875,0.00462072145457035655946587127118618809618055820465087890625,0.00477699268016794353908238690564758144319057464599609375
0.00453212764874255831515359460581748862750828266143798828125,0.00471013266550225802309359579567171749658882617950439453125,0.00494696269714635546155268031043306109495460987091064453125,0.004684526352557731761205861431562880170531570911407470703125
0.0046132089635808615213363736984319984912872314453125,0.004711398491974530013115529669676107005216181278228759765625,0.004776045086931419124398612296999999671243131160736083984375,0.004730775405617178297479341608777758665382862091064453125
0.00484687683599924722110952046705278917215764522552490234375,0.004605903427523851990932346467388924793340265750885009765625,0.00482400781754624939645648140640332712791860103607177734375,0.0046717885559037879150690031337944674305617809295654296875
0.00449871761315428185523668247469686320982873439788818359375,0.00463522030858976551159766898990710615180432796478271484375,0.004439317965004398354456061071005024132318794727325439453125,0.0049970597600598291865292566171774524264037609100341796875
0.00466154578044982066675760989937771228142082691192626953125,0.004594035741722194733649420328447376959957182407379150390625,0.0046775828768305278970718319442312349565327167510986328125,0.004768954945359719921338381709574605338275432586669921875
0.004767853150017546844108284886942783487029373645782470703125,0.004843346170042470665018097264464813633821904659271240234375,0.004876147264798504250837840601207062718458473682403564453125,0.004588518105051721425458044478773445007391273975372314453125
0.004587105031416626420293081167756099603138864040374755859375,0.004694360931973266641559217049461949500255286693572998046875,0.004702923292428219138872069748913418152369558811187744140625,0.004809693297591378056965449871995588182471692562103271484375
0.00489663518158991832585069658989596064202487468719482421875,0.004671094800314271218433237464751073275692760944366455078125,0.004899804260321269540334743197718125884421169757843017578125,0.004739333420067715942070041279521319665946066379547119140625
0.004870065079788291236007058415680148755200207233428955078125,0.004813197524705588835336467212755451328121125698089599609375,0.00474085685381003645033626270333115826360881328582763671875,0.004664845019215200540296795139738605939783155918121337890625
0.00484299712707106887188412969180717482231557369232177734375,0.00473375098962875058561383667665722896344959735870361328125,0.0045864771903652394591244245702910120598971843719482421875,0.004705650313297196803141719811947041307576000690460205078125
0.004756629792311075320687674405917277908883988857269287109375,0.004773284113367263527261119548938950174488127231597900390625,0.004824588417816790160419504474020868656225502490997314453125,0.00483521610334544139908619087009356007911264896392822265625
0.005021481966685216631607335813214376685209572315216064453125,0.004814281322168081390933114249719437793828547000885009765625,0.004941619618265231071718712740903356461785733699798583984375,0.005074176214583540726887900262909170123748481273651123046875