0.048686876292344076488927129275907645933330059051513671875
0.042937661596342539815918115664317156188189983367919921875
0.04294383122711710465413403881029807962477207183837890625
0.04735276741182092852255891557433642446994781494140625
0.046411519648083203459787426936600240878760814666748046875
0.043926250745878629710983176437366637401282787322998046875
0.04589282929812564526539375719949021004140377044677734375
0.0449817899020192590864297699226881377398967742919921875
0.050798026642442921374520636845772969536483287811279296875
0.045810068173433977911646053371441666968166828155517578125
0.032349661866811589561176987217550049535930156707763671875
0.03642621967111414615914100068039260804653167724609375
0.05214583734170828710485778856309480033814907073974609375
0.04411799578662234377901540938182733952999114990234375
0.0475664181589075252265530480144661851227283477783203125
0.04151933128673911121975237392689450643956661224365234375
0.04589784996404577821493830924737267196178436279296875