254,254,254,254,254,254,254,254,254,254,254,254,254,254,254,254,254,254,254,254,254,254,254,254,254,254,254,254,254,254,254,254,254,254,254,254,254,254,254,254,254,254,254,254,254,254,254,254,254,254,254,254,254,254,254,254,254,254,254,254,254,254,254,254,254,254,254,254,254,254,254,254,254,254,254,254,254,254,254,254
254,0,0,0,0,0,0,0,0,0,0,0,0,0,0,0,0,0,0,0,0,0,0,0,0,0,0,0,0,0,0,0,0,0,0,0,0,0,0,0,0,0,0,0,0,0,0,0,0,0,0,0,0,0,0,0,0,0,0,0,0,0,0,0,0,0,0,0,0,0,0,0,0,0,0,0,0,0,0,254
254,0,0,0,0,0,0,0,0,0,0,0,0,0,0,0,0,0,0,0,0,0,0,0,0,0,0,0,0,0,0,0,0,0,0,0,0,0,0,0,0,0,0,0,0,0,0,0,0,0,0,0,0,0,0,0,0,0,0,0,0,0,0,0,0,0,0,0,0,0,0,0,0,0,0,0,0,0,0,254
254,0,0,0,0,0,0,0,0,0,0,0,0,0,0,0,0,0,0,0,0,0,0,0,0,0,0,0,0,0,0,0,0,0,0,0,0,0,0,0,0,0,0,0,0,0,0,0,0,0,0,0,0,0,0,0,0,0,0,0,0,0,0,0,0,0,0,0,0,0,0,0,0,0,0,0,0,0,0,254
254,0,0,0,0,0,0,0,0,0,0,0,0,0,0,0,0,0,0,0,0,0,0,0,0,0,0,0,0,0,0,0,0,0,0,0,0,0,0,0,0,0,0,0,0,0,0,0,0,0,0,0,0,0,0,0,0,0,0,0,0,0,0,0,0,0,0,0,0,0,0,0,0,0,0,0,0,0,0,254
254,0,0,0,0,0,0,0,0,0,0,0,0,0,0,0,0,0,0,0,0,0,0,0,0,0,0,0,0,0,0,0,0,0,0,0,0,0,0,0,0,0,0,0,0,0,0,0,0,0,0,0,0,0,0,0,0,0,0,0,0,0,0,0,0,0,0,0,0,0,0,0,0,0,0,0,0,0,0,254
254,0,0,0,0,0,0,0,0,0,0,0,0,0,0,0,0,0,0,0,0,0,0,0,0,0,0,0,0,0,0,0,0,0,0,0,0,0,0,0,0,0,0,0,0,0,0,0,0,0,0,0,0,0,0,0,0,0,0,0,0,0,0,0,0,0,0,0,0,0,0,0,0,0,0,0,0,0,0,254
254,0,0,0,0,0,0,0,0,0,0,0,0,0,0,0,0,0,0,0,0,0,0,0,0,0,0,0,0,0,0,0,0,0,0,0,0,0,0,0,0,0,0,0,0,0,0,0,0,0,0,0,0,0,0,0,0,0,0,0,0,0,0,0,0,0,0,0,0,0,0,0,0,0,0,0,0,0,0,254
254,0,0,0,0,0,0,0,0,0,0,0,0,0,0,0,0,0,0,0,0,0,0,0,0,0,0,0,0,0,0,0,0,0,0,0,0,0,0,0,0,0,0,0,0,0,0,0,0,0,0,0,0,0,0,0,0,0,0,0,0,0,0,0,0,0,0,0,0,0,0,0,0,0,0,0,0,0,0,254
254,0,0,0,0,0,0,0,0,0,0,0,0,0,0,0,0,0,0,0,0,0,0,0,0,0,0,0,0,0,0,0,0,0,0,0,0,0,0,0,0,0,0,0,0,0,0,0,0,0,0,0,0,0,0,0,0,0,0,0,0,0,0,0,0,0,0,0,0,0,0,0,0,0,0,0,0,0,0,254
254,0,0,0,0,0,0,0,0,0,0,0,0,0,0,0,0,0,0,0,0,0,0,0,0,0,0,0,0,0,0,0,0,0,0,0,0,0,0,0,0,0,0,0,0,0,0,0,0,0,0,0,0,0,0,0,0,0,0,0,0,0,0,0,0,0,0,0,0,0,0,0,0,0,0,0,0,0,0,254
254,0,0,0,0,0,0,0,0,0,0,0,0,0,0,0,0,0,0,0,0,0,0,0,0,0,0,0,0,0,0,0,0,0,0,0,0,0,0,0,0,0,0,0,0,0,0,0,0,0,0,0,0,0,0,0,0,0,0,0,0,0,0,0,0,0,0,0,0,0,0,0,0,0,0,0,0,0,0,254
254,0,0,0,0,0,0,0,0,0,0,0,0,0,0,0,0,0,0,0,0,0,0,0,0,0,0,0,0,0,0,0,0,0,0,0,0,0,0,0,0,0,0,0,0,0,0,0,0,0,0,0,0,0,0,0,0,0,0,0,0,0,0,0,0,0,0,0,0,0,0,0,0,0,0,0,0,0,0,254
254,0,0,0,0,0,0,0,0,0,0,0,0,0,0,0,0,0,0,0,0,0,0,0,0,0,0,0,0,0,0,0,0,0,0,0,0,0,0,0,0,0,0,0,0,0,0,0,0,0,0,0,0,0,0,0,0,0,0,0,0,0,0,0,0,0,0,0,0,0,0,0,0,0,0,0,0,0,0,254
254,0,0,0,0,0,0,0,0,0,0,0,0,0,1,3,4,4,4,4,4,4,3,1,0,0,0,0,0,4,6,6,1,0,0,0,0,0,0,0,0,0,4,4,4,0,0,4,4,4,0,0,0,0,0,0,0,0,0,0,0,0,0,0,0,0,0,0,0,0,0,0,0,0,0,0,0,0,0,254
254,0,0,0,0,0,0,0,0,0,0,0,0,0,3,0,0,0,0,0,0,0,3,9,4,3,6,7,7,17,0,17,17,4,0,0,4,4,4,7,7,9,14,1,15,8,16,34,15,39,25,20,15,10,5,0,0,1,3,4,3,1,0,0,0,0,0,0,0,0,0,0,0,0,0,0,0,0,0,254
254,0,0,0,0,0,0,0,0,0,0,0,0,0,3,0,0,0,0,0,0,0,3,1,18,14,1,0,3,10,0,0,6,20,7,6,4,0,15,29,31,41,36,31,36,37,10,0,0,0,0,18,4,0,37,31,31,33,31,31,26,19,5,0,0,0,0,0,0,0,0,0,0,0,0,0,0,0,0,254
254,0,0,0,0,0,0,0,0,0,0,0,0,0,1,3,4,4,7,0,0,3,6,15,0,1,20,12,17,9,39,0,0,9,0,39,79,130,162,119,119,119,118,108,71,56,34,0,0,37,0,0,9,0,0,0,0,1,3,6,0,8,21,0,0,0,0,0,0,0,0,0,0,0,0,0,0,0,0,254
254,0,0,0,0,0,0,0,0,0,0,0,0,0,1,1,1,0,1,3,4,7,10,0,0,0,28,18,12,14,0,78,119,119,119,119,119,140,119,119,119,119,119,119,119,119,151,135,135,135,135,15,34,41,4,0,0,0,0,1,1,1,37,0,0,0,0,0,0,0,0,0,0,0,0,0,0,0,0,254
254,0,0,0,0,0,0,0,0,0,0,0,0,0,3,0,6,3,1,0,0,1,18,0,26,35,0,0,29,110,119,119,119,119,119,119,119,151,119,71,119,119,119,119,119,119,146,135,135,135,135,135,91,26,9,0,0,0,0,0,0,0,47,0,0,0,0,0,0,0,0,0,0,0,0,0,0,0,0,254
254,0,0,0,0,0,0,0,0,0,0,0,0,0,3,0,0,0,1,0,0,0,14,14,12,0,0,79,119,119,119,119,103,119,0,0,0,21,0,0,0,0,0,0,0,0,0,0,0,0,119,119,119,51,9,0,0,0,0,0,0,0,37,0,0,0,0,0,0,0,0,0,0,0,0,0,0,0,0,254
254,0,0,0,0,0,0,0,0,0,0,0,0,0,1,3,4,3,1,0,0,0,10,0,0,109,119,119,119,119,119,0,0,0,0,0,0,10,42,0,0,0,0,0,0,37,0,0,0,0,0,0,119,119,71,0,0,0,0,0,0,5,21,0,0,0,0,0,0,0,0,0,0,0,0,0,0,0,0,254
254,0,0,0,0,0,0,0,0,0,0,0,0,0,3,12,18,17,14,7,6,0,9,0,119,119,119,119,119,0,5,37,74,74,42,5,0,0,10,162,185,144,141,68,135,135,15,0,68,135,135,21,119,119,252,190,139,132,139,135,135,58,5,0,0,0,0,0,0,0,0,0,0,0,0,0,0,0,0,254
254,0,0,0,0,0,0,0,0,0,0,0,0,0,9,4,0,3,35,0,28,0,4,78,119,119,0,0,0,0,5,10,0,0,61,87,188,178,31,153,50,17,36,37,3,0,163,254,254,147,135,135,135,254,254,254,149,135,139,14,14,149,58,0,0,0,0,0,0,0,0,0,0,0,0,0,0,0,0,254
254,0,0,0,0,0,0,0,0,0,0,0,0,0,23,10,4,10,10,0,119,119,124,130,135,135,15,15,15,15,31,79,0,0,127,0,0,15,0,0,106,135,135,135,135,135,135,135,0,0,119,0,0,0,119,119,0,177,154,32,0,18,122,0,0,0,0,0,0,0,0,0,0,0,0,0,0,0,0,254
254,0,0,0,0,0,0,0,0,0,0,0,0,0,29,0,4,14,23,82,119,81,130,119,0,0,0,0,0,0,5,0,135,135,68,0,0,135,135,254,254,254,254,156,119,119,119,119,0,0,119,0,0,0,119,119,0,51,135,182,135,28,132,0,0,0,0,0,0,0,0,0,0,0,0,0,0,0,0,254
254,0,0,0,0,0,0,0,0,0,0,0,0,0,26,0,6,0,64,119,119,45,140,119,15,26,15,15,15,15,26,0,0,90,119,241,254,254,254,119,119,119,119,119,119,119,119,119,119,0,200,241,135,0,254,119,4,23,0,42,135,44,74,0,0,0,0,0,0,0,0,0,0,0,0,0,0,0,0,254
254,0,0,0,0,0,0,0,0,0,0,0,0,0,12,18,0,84,119,119,119,0,31,119,0,0,0,0,0,119,119,225,119,119,254,254,254,254,254,204,106,73,0,10,147,143,167,204,119,0,119,196,135,0,209,119,9,0,32,32,135,139,47,0,0,0,0,0,0,0,0,0,0,0,0,0,0,0,0,254
254,0,0,0,0,0,0,0,0,0,0,0,0,0,4,28,0,119,119,119,17,0,47,0,0,0,0,0,20,124,162,254,254,254,254,254,227,65,10,0,25,4,90,29,9,0,54,119,119,0,119,119,0,119,119,87,149,18,51,37,135,18,47,0,0,0,0,0,0,0,0,0,0,0,0,0,0,0,0,254
254,0,0,0,0,0,0,0,0,0,0,0,0,0,10,12,57,119,119,119,0,0,58,0,0,0,0,0,119,119,254,247,188,193,135,71,45,0,17,54,106,0,32,37,0,0,0,119,254,135,209,106,0,119,119,37,51,0,0,37,144,9,47,0,0,0,0,0,0,0,0,0,0,0,0,0,0,0,0,254
254,0,0,0,0,0,0,0,0,0,0,0,0,0,17,5,123,121,119,1,3,5,53,0,195,72,144,147,123,250,143,135,26,3,0,3,3,0,54,0,0,29,9,0,12,160,143,254,254,135,249,166,135,254,254,17,0,23,0,31,138,17,10,0,0,0,0,0,0,0,0,0,0,0,0,0,0,0,0,254
254,0,0,0,0,0,0,0,0,0,0,0,0,0,17,17,119,123,0,3,0,0,71,127,119,254,119,254,144,155,150,50,23,21,17,17,18,23,1,3,3,146,146,136,147,147,135,254,254,135,254,254,135,254,254,143,39,0,34,10,136,3,0,0,0,0,0,0,0,0,0,0,0,0,0,0,0,0,0,254
254,0,0,0,0,0,0,0,0,0,0,0,0,0,10,111,119,124,119,5,0,0,23,131,119,254,118,135,85,143,138,0,0,0,0,0,0,14,135,138,138,136,136,136,136,135,116,119,119,0,119,119,0,119,254,138,0,68,17,10,136,20,0,0,0,0,0,0,0,0,0,0,0,0,0,0,0,0,0,254
254,0,0,0,0,0,0,0,0,0,0,0,0,0,5,119,119,5,0,5,0,119,147,142,119,158,9,135,147,141,3,0,0,0,0,0,0,149,135,135,135,135,135,135,135,135,65,140,135,15,15,135,15,167,254,171,50,1,0,48,146,70,10,0,0,0,0,0,0,0,0,0,0,0,0,0,0,0,0,254
254,0,0,0,0,0,0,0,0,0,0,0,0,0,5,119,119,5,0,5,0,119,147,126,50,138,9,147,138,154,6,3,0,0,0,135,135,149,135,135,135,100,58,0,4,17,3,162,151,31,31,151,31,172,254,135,0,26,21,53,135,17,26,0,0,0,0,0,0,0,0,0,0,0,0,0,0,0,0,254
254,0,0,0,0,0,0,0,0,0,0,0,0,0,5,119,119,5,0,5,0,119,140,28,4,25,144,135,135,18,0,6,0,0,135,135,135,149,0,0,0,0,15,37,88,37,58,130,119,0,0,0,0,151,254,254,29,76,0,7,157,29,47,0,0,0,0,0,0,0,0,0,0,0,0,0,0,0,0,254
254,0,0,0,0,0,0,0,0,0,0,0,0,0,5,119,119,5,0,5,3,119,133,89,25,26,135,163,160,1,0,7,104,135,135,135,135,14,0,21,15,47,10,15,45,88,42,140,135,15,15,15,15,79,254,254,17,59,37,39,135,15,53,0,0,0,0,0,0,0,0,0,0,0,0,0,0,0,0,254
254,0,0,0,0,0,0,0,0,0,0,0,0,0,5,119,119,5,0,5,119,119,7,80,20,0,135,0,35,9,7,139,135,135,135,42,0,14,0,37,5,15,6,3,4,9,7,124,119,0,0,119,0,111,185,254,119,21,0,29,154,14,47,0,0,0,0,0,0,0,0,0,0,0,0,0,0,0,0,254
254,0,0,0,0,0,0,0,0,0,0,0,0,0,5,119,119,5,0,5,119,119,70,112,0,26,141,0,21,0,161,152,149,149,141,18,158,168,135,68,74,45,35,47,15,21,124,119,119,0,0,119,42,135,135,254,119,119,20,1,165,158,115,144,144,99,36,63,63,26,0,4,9,9,4,0,0,0,0,254
254,0,0,0,0,0,0,0,0,0,0,0,0,0,8,119,119,5,0,5,119,119,41,135,94,149,143,0,70,15,136,135,0,0,0,135,31,0,9,1,31,26,0,26,26,172,119,140,53,68,68,188,7,0,135,135,119,254,71,34,135,135,154,23,0,154,154,0,28,51,14,4,0,0,4,0,0,0,0,254
254,0,0,0,0,0,0,0,0,0,0,0,0,0,8,89,119,5,0,5,119,119,28,221,43,136,136,61,0,0,186,136,139,0,21,144,0,0,135,4,6,72,56,0,17,156,135,199,63,0,0,127,135,196,135,135,119,254,119,0,199,197,65,135,139,32,0,135,93,42,54,9,9,9,4,0,0,0,0,254
254,0,0,0,0,0,0,0,0,0,0,0,0,0,8,17,119,5,0,5,0,119,93,135,0,182,135,25,57,57,147,135,140,21,135,126,9,9,183,0,28,53,15,111,135,140,146,0,0,63,119,0,116,135,135,135,0,31,119,119,136,135,135,135,23,89,37,215,14,0,47,9,0,0,0,0,0,0,0,254
254,0,0,0,0,0,0,0,0,0,0,0,0,0,5,0,119,5,0,5,0,119,158,219,79,157,150,0,0,54,135,60,18,4,135,135,0,0,143,45,0,15,133,119,135,135,119,0,0,222,254,119,0,0,135,135,0,135,162,119,119,31,146,143,89,135,135,0,76,84,40,14,4,4,4,3,1,0,0,254
254,0,0,0,0,0,0,0,0,0,0,0,0,0,8,3,119,5,0,5,0,119,170,123,177,135,135,65,23,0,135,135,135,9,4,135,1,6,104,0,14,135,135,119,135,10,58,15,0,204,254,124,119,135,135,135,0,135,135,254,119,84,155,135,67,135,135,0,18,161,30,4,3,3,1,0,3,0,0,254
254,0,0,0,0,0,0,0,0,0,0,0,0,0,11,0,119,5,0,5,0,119,195,119,141,165,158,0,40,9,54,146,154,135,18,9,91,82,122,0,119,135,135,119,15,21,37,135,0,119,119,254,254,254,135,135,0,0,0,254,119,119,0,135,135,106,56,142,67,150,15,3,0,0,6,0,4,0,0,254
254,0,0,0,0,0,0,0,0,0,0,0,0,0,14,0,119,124,0,5,0,0,155,119,119,135,201,0,0,0,20,136,147,135,0,0,152,97,95,119,119,135,15,0,15,100,0,135,47,119,162,166,254,254,254,0,0,135,0,0,119,119,119,179,135,160,40,135,0,20,44,3,9,0,12,3,7,0,0,254
254,0,0,0,0,0,0,0,0,0,0,0,0,0,11,0,119,123,93,3,0,0,33,161,119,254,254,4,26,150,12,10,135,135,135,135,235,162,119,140,119,178,58,5,21,132,0,63,197,254,254,146,158,254,119,0,0,135,9,0,0,254,119,119,135,135,9,179,3,0,48,3,10,15,4,1,6,0,0,254
254,0,0,0,0,0,0,0,0,0,0,0,0,0,8,6,117,121,119,1,3,5,12,135,119,254,254,119,119,183,119,119,119,254,254,254,119,254,254,167,119,0,0,5,42,132,95,70,254,254,179,139,3,32,119,119,0,135,135,0,0,0,119,119,146,135,216,57,3,157,69,12,40,0,4,37,18,4,0,254
254,0,0,0,0,0,0,0,0,0,0,0,0,0,7,3,1,119,119,0,0,0,15,135,0,135,254,254,119,119,119,119,119,119,119,254,254,119,119,135,47,0,0,0,135,135,135,254,254,119,23,20,51,3,101,254,254,135,135,135,0,0,124,119,119,174,135,0,0,135,43,0,0,56,0,4,18,23,4,254
254,0,0,0,0,0,0,0,0,0,0,0,0,0,6,3,43,65,119,119,0,0,63,252,0,0,135,135,135,0,0,58,0,0,0,135,135,135,135,135,135,135,135,135,135,135,254,254,254,0,31,0,0,45,21,254,254,254,135,135,0,0,0,119,119,119,216,190,65,179,40,42,46,14,0,0,0,4,9,254
254,0,0,0,0,0,0,0,0,0,0,0,0,0,4,23,0,0,119,119,119,0,106,0,199,229,114,220,135,135,0,0,0,5,0,0,0,135,166,254,150,135,135,135,254,254,119,119,0,40,8,37,1,1,160,135,254,188,135,135,135,0,0,135,119,119,119,166,58,0,93,0,46,0,29,67,0,23,14,254
254,0,0,0,0,0,0,0,0,0,0,0,0,0,4,32,0,61,14,119,119,119,100,0,111,135,0,233,251,143,146,51,3,135,0,114,0,71,0,0,0,0,0,119,119,119,119,4,61,0,0,20,0,20,135,154,254,119,119,254,135,0,0,0,135,119,119,254,18,0,136,50,0,89,48,48,0,14,14,254
254,0,0,0,0,0,0,0,0,0,0,0,0,0,9,0,0,4,0,42,119,119,172,95,0,0,135,135,10,106,179,254,119,119,119,135,0,0,0,0,0,0,119,119,119,46,146,103,4,15,20,7,3,157,154,28,135,119,119,254,135,0,0,0,0,0,119,254,119,119,90,0,0,0,40,3,1,0,9,254
254,0,0,0,0,0,0,0,0,0,0,0,0,0,14,0,0,0,37,0,56,119,135,254,0,0,135,0,0,63,135,135,0,0,0,0,0,116,10,135,122,188,167,167,84,74,63,109,0,0,53,9,144,149,135,28,122,135,254,254,135,135,0,0,0,0,0,254,254,124,167,78,0,0,39,25,15,9,4,254
254,0,0,0,0,0,0,0,0,0,0,0,0,0,9,0,23,14,28,0,28,0,146,236,119,193,209,119,116,135,0,135,135,135,0,0,0,0,0,119,119,167,230,150,25,54,3,0,18,0,110,135,135,191,68,0,61,0,63,119,254,254,0,0,0,0,0,135,135,183,140,65,119,0,0,39,6,0,0,254
254,0,0,0,0,0,0,0,0,0,0,0,0,0,4,4,4,0,14,14,23,9,58,6,68,130,151,193,135,135,252,254,254,254,254,254,119,119,119,119,119,43,53,10,0,23,0,0,9,135,172,139,144,139,4,78,82,57,22,146,254,254,254,135,0,0,0,135,135,53,156,119,89,0,0,0,9,0,0,254
254,0,0,0,0,0,0,0,0,0,0,0,0,0,0,0,0,0,0,0,0,0,64,20,0,0,10,119,119,119,119,119,254,254,254,254,254,254,254,243,21,0,51,0,14,18,135,135,135,154,149,135,122,31,0,0,0,1,1,0,62,254,254,135,135,0,0,135,0,0,167,119,119,9,18,0,14,0,0,254
254,0,0,0,0,0,0,0,0,0,0,0,0,0,0,0,0,0,0,0,0,0,47,0,32,37,15,3,0,15,60,12,100,0,0,147,147,135,135,136,135,172,144,135,177,135,135,138,135,144,139,94,67,61,19,14,14,15,16,15,43,58,119,254,254,0,135,135,111,63,54,119,119,0,18,0,14,0,0,254
254,0,0,0,0,0,0,0,0,0,0,0,0,0,0,0,0,0,0,0,0,0,31,19,31,45,38,55,70,37,58,126,118,0,0,9,5,79,15,0,163,135,135,135,28,18,21,6,28,4,0,0,0,0,37,26,47,1,19,4,64,25,108,172,254,254,254,254,0,106,135,119,119,0,0,0,9,0,0,254
254,0,0,0,0,0,0,0,0,0,0,0,0,0,0,0,0,0,0,0,0,0,20,18,0,12,12,0,0,0,0,21,53,152,158,157,58,32,91,158,113,0,39,40,58,154,141,76,48,6,0,0,0,0,21,0,21,10,31,0,13,34,37,179,254,146,199,119,119,162,124,119,42,0,18,23,4,0,0,254
254,0,0,0,0,0,0,0,0,0,0,0,0,0,0,0,0,0,0,0,0,0,24,10,44,30,34,15,15,65,60,10,14,6,4,0,74,79,0,0,28,0,26,0,0,31,1,0,0,8,47,47,42,26,10,0,15,10,0,0,17,9,55,138,0,1,244,119,193,231,135,4,4,0,0,14,4,0,0,254
254,0,0,0,0,0,0,0,0,0,0,0,0,0,0,0,0,0,0,0,0,0,18,0,23,0,0,18,14,5,31,73,22,7,9,18,0,0,0,5,77,73,77,59,0,15,1,0,0,3,10,0,0,0,0,0,10,0,0,0,20,0,23,82,7,14,135,0,0,0,15,0,23,18,18,0,4,0,0,254
254,0,0,0,0,0,0,0,0,0,0,0,0,0,0,0,0,0,0,0,0,0,9,9,14,14,0,9,4,12,6,27,38,73,77,64,57,14,18,51,9,4,1,19,90,104,47,20,40,17,5,0,0,0,0,0,5,26,15,15,44,0,73,123,6,69,105,17,15,40,15,14,4,0,4,4,4,0,0,254
254,0,0,0,0,0,0,0,0,0,0,0,0,0,0,0,0,0,0,0,0,0,0,0,0,4,4,4,0,1,1,3,1,1,0,0,5,10,10,10,10,17,17,12,5,5,10,10,5,0,0,0,0,0,0,0,0,5,15,31,66,47,47,58,63,65,26,31,37,31,10,4,0,0,0,0,0,0,0,254
254,0,0,0,0,0,0,0,0,0,0,0,0,0,0,0,0,0,0,0,0,0,0,0,0,0,0,0,0,0,0,0,0,0,0,0,0,0,0,0,0,0,0,0,0,0,0,0,0,0,0,0,0,0,0,0,0,0,0,0,14,0,0,0,0,9,0,0,0,0,0,0,0,0,0,0,0,0,0,254
254,0,0,0,0,0,0,0,0,0,0,0,0,0,0,0,0,0,0,0,0,0,0,0,0,0,0,0,0,0,0,0,0,0,0,0,0,0,0,0,0,0,0,0,0,0,0,0,0,0,0,0,0,0,0,0,0,0,0,0,9,0,0,0,14,4,0,0,0,0,0,0,0,0,0,0,0,0,0,254
254,0,0,0,0,0,0,0,0,0,0,0,0,0,0,0,0,0,0,0,0,0,0,0,0,0,0,0,0,0,0,0,0,0,0,0,0,0,0,0,0,0,0,0,0,0,0,0,0,0,0,0,0,0,0,0,0,0,0,0,4,9,14,9,4,0,0,0,0,0,0,0,0,0,0,0,0,0,0,254
254,0,0,0,0,0,0,0,0,0,0,0,0,0,0,0,0,0,0,0,0,0,0,0,0,0,0,0,0,0,0,0,0,0,0,0,0,0,0,0,0,0,0,0,0,0,0,0,0,0,0,0,0,0,0,0,0,0,0,0,0,0,0,0,0,0,0,0,0,0,0,0,0,0,0,0,0,0,0,254
254,0,0,0,0,0,0,0,0,0,0,0,0,0,0,0,0,0,0,0,0,0,0,0,0,0,0,0,0,0,0,0,0,0,0,0,0,0,0,0,0,0,0,0,0,0,0,0,0,0,0,0,0,0,0,0,0,0,0,0,0,0,0,0,0,0,0,0,0,0,0,0,0,0,0,0,0,0,0,254
254,0,0,0,0,0,0,0,0,0,0,0,0,0,0,0,0,0,0,0,0,0,0,0,0,0,0,0,0,0,0,0,0,0,0,0,0,0,0,0,0,0,0,0,0,0,0,0,0,0,0,0,0,0,0,0,0,0,0,0,0,0,0,0,0,0,0,0,0,0,0,0,0,0,0,0,0,0,0,254
254,0,0,0,0,0,0,0,0,0,0,0,0,0,0,0,0,0,0,0,0,0,0,0,0,0,0,0,0,0,0,0,0,0,0,0,0,0,0,0,0,0,0,0,0,0,0,0,0,0,0,0,0,0,0,0,0,0,0,0,0,0,0,0,0,0,0,0,0,0,0,0,0,0,0,0,0,0,0,254
254,0,0,0,0,0,0,0,0,0,0,0,0,0,0,0,0,0,0,0,0,0,0,0,0,0,0,0,0,0,0,0,0,0,0,0,0,0,0,0,0,0,0,0,0,0,0,0,0,0,0,0,0,0,0,0,0,0,0,0,0,0,0,0,0,0,0,0,0,0,0,0,0,0,0,0,0,0,0,254
254,0,0,0,0,0,0,0,0,0,0,0,0,0,0,0,0,0,0,0,0,0,0,0,0,0,0,0,0,0,0,0,0,0,0,0,0,0,0,0,0,0,0,0,0,0,0,0,0,0,0,0,0,0,0,0,0,0,0,0,0,0,0,0,0,0,0,0,0,0,0,0,0,0,0,0,0,0,0,254
254,0,0,0,0,0,0,0,0,0,0,0,0,0,0,0,0,0,0,0,0,0,0,0,0,0,0,0,0,0,0,0,0,0,0,0,0,0,0,0,0,0,0,0,0,0,0,0,0,0,0,0,0,0,0,0,0,0,0,0,0,0,0,0,0,0,0,0,0,0,0,0,0,0,0,0,0,0,0,254
254,0,0,0,0,0,0,0,0,0,0,0,0,0,0,0,0,0,0,0,0,0,0,0,0,0,0,0,0,0,0,0,0,0,0,0,0,0,0,0,0,0,0,0,0,0,0,0,0,0,0,0,0,0,0,0,0,0,0,0,0,0,0,0,0,0,0,0,0,0,0,0,0,0,0,0,0,0,0,254
254,0,0,0,0,0,0,0,0,0,0,0,0,0,0,0,0,0,0,0,0,0,0,0,0,0,0,0,0,0,0,0,0,0,0,0,0,0,0,0,0,0,0,0,0,0,0,0,0,0,0,0,0,0,0,0,0,0,0,0,0,0,0,0,0,0,0,0,0,0,0,0,0,0,0,0,0,0,0,254
254,0,0,0,0,0,0,0,0,0,0,0,0,0,0,0,0,0,0,0,0,0,0,0,0,0,0,0,0,0,0,0,0,0,0,0,0,0,0,0,0,0,0,0,0,0,0,0,0,0,0,0,0,0,0,0,0,0,0,0,0,0,0,0,0,0,0,0,0,0,0,0,0,0,0,0,0,0,0,254
254,0,0,0,0,0,0,0,0,0,0,0,0,0,0,0,0,0,0,0,0,0,0,0,0,0,0,0,0,0,0,0,0,0,0,0,0,0,0,0,0,0,0,0,0,0,0,0,0,0,0,0,0,0,0,0,0,0,0,0,0,0,0,0,0,0,0,0,0,0,0,0,0,0,0,0,0,0,0,254
254,0,0,0,0,0,0,0,0,0,0,0,0,0,0,0,0,0,0,0,0,0,0,0,0,0,0,0,0,0,0,0,0,0,0,0,0,0,0,0,0,0,0,0,0,0,0,0,0,0,0,0,0,0,0,0,0,0,0,0,0,0,0,0,0,0,0,0,0,0,0,0,0,0,0,0,0,0,0,254
254,254,254,254,254,254,254,254,254,254,254,254,254,254,254,254,254,254,254,254,254,254,254,254,254,254,254,254,254,254,254,254,254,254,254,254,254,254,254,254,254,254,254,254,254,254,254,254,254,254,254,254,254,254,254,254,254,254,254,254,254,254,254,254,254,254,254,254,254,254,254,254,254,254,254,254,254,254,254,254