0.007621679730511786605984259068691244465298950672149658203125,0.0075553522745225622225806461074171238578855991363525390625,0.007289434341329303380929705014068531454540789127349853515625,0.007002720366576288026083663140752832987345755100250244140625,0.007228253303375890836957040619381587021052837371826171875
0.00747441843826523837079900403068677405826747417449951171875,0.006924491245086042238987555919038641150109469890594482421875,0.0073068958451749134452857248334112227894365787506103515625,0.0069532763446865340772884422904098755680024623870849609375,0.00742946369123004442258650925623442162759602069854736328125
0.00785900185818476197663340343524396303109824657440185546875,0.007158303126422652269689184123535596881993114948272705078125,0.00782360804503561164946479067339168977923691272735595703125,0.007463085990062244372278410509125023963861167430877685546875,0.007386293453055134579365859082145107095129787921905517578125
0.007055927114501124759737837877082711202092468738555908203125,0.00716152259380580143155459182935373974032700061798095703125,0.0070796409879370948703414256897303857840597629547119140625,0.006992112877529367727380549268900722381658852100372314453125,0.007615609332144358638305714492844344931654632091522216796875
0.007484986621499322388684216633691903552971780300140380859375,0.007011722544347125281316568390366228413768112659454345703125,0.007106326252661963015222479356225449009798467159271240234375,0.00760564625835559969535548674457459128461778163909912109375,0.00765160184916287809675505826589869684539735317230224609375
0.00712992351108281130489530141858267597854137420654296875,0.007417880170414714417759238784810804645530879497528076171875,0.007146746950816742875722820116379807586781680583953857421875,0.00731007536876750706189564965598037815652787685394287109375,0.007369616081895901359144485098795485100708901882171630859375
0.007056680011447544371983031652462159399874508380889892578125,0.00704144984189676581554095946557936258614063262939453125,0.00679995767884182533702386308505083434283733367919921875,0.007215930312428712849193157552463162573985755443572998046875,0.007482371333770105985283560556808879482559859752655029296875
0.00718072332346217194476434286798394168727099895477294921875,0.0071480768174196629427541438417392782866954803466796875,0.00674396468073536724252559082515290356241166591644287109375,0.0072230838160174982987005165568916709162294864654541015625,0.007752777359679142998860612578937434591352939605712890625
0.007305701712009271368841734073384941439144313335418701171875,0.007221146825783592883285511021540514775551855564117431640625,0.007106173904313425708501039679276800598017871379852294921875,0.007381390825510886037619240340745818684808909893035888671875,0.00769725167775811743020586419561368529684841632843017578125
0.00804753114040845755894348911851921002380549907684326171875,0.00728154191022232187557872151728588505648076534271240234375,0.00719133969831041962306183989994678995572030544281005859375,0.006966857728652807273117542052887074532918632030487060546875,0.006664798125154276255133201090075090178288519382476806640625
0.007471504887836317825022813821078671026043593883514404296875,0.00738629381630504129596648255073887412436306476593017578125,0.00798856648621494754014538131059453007765114307403564453125,0.0071997579392237311124436160980621934868395328521728515625,0.007197779797102420162868696706937043927609920501708984375
0.0068256009542556304869886929509448236785829067230224609375,0.00715724777713019379155046095775105641223490238189697265625,0.007473238217733056514002765169379927101545035839080810546875,0.007301965108029460048422176754456813796423375606536865234375,0.00686665553272253030570038134783317218534648418426513671875
0.007196760076367460061408376503777617472223937511444091796875,0.007033194049317054337422394638679179479368031024932861328125,0.00768177035942137383106587122938435641117393970489501953125,0.007797889687714895136372295070259497151710093021392822265625,0.00772616056957491081913502739553223364055156707763671875
0.007526279465602172570604100343416575924493372440338134765625,0.007009195038187954716890626372105543850921094417572021484375,0.00752020828477246820742418975669352221302688121795654296875,0.00723524914967191117021183544011364574544131755828857421875,0.007584013352273870356423657312916475348174571990966796875
0.006958563099653280493994689237524653435684740543365478515625,0.0074294009747040597180234300367374089546501636505126953125,0.007351989478689224290219872415264035225845873355865478515625,0.00739660359885343544894542588963304297067224979400634765625,0.007589277738765838610124347951568779535591602325439453125
0.007282484201403627809001672943622907041572034358978271484375,0.006910478320256951446920457016176442266441881656646728515625,0.007189520344497908090064530739482506760396063327789306640625,0.007683403531367173459887265352108443039469420909881591796875,0.00741999635213524792731742962814678321592509746551513671875
0.006930372977838709057374355637648477568291127681732177734375,0.00690029373335870714611939291671660612337291240692138671875,0.007327736456753454995227681223468607640825212001800537109375,0.00725106003560376834171652404847918660379946231842041015625,0.007614998192396973779316748931478286976926028728485107421875
0.006601074371152127438777679202530634938739240169525146484375,0.007412516191606281258652533239228432648815214633941650390625,0.006900011477582388731699669648378403508104383945465087890625,0.007810990210611047125655037604019526042975485324859619140625,0.006829317736972227714797867292872979305684566497802734375
0.007365271127757839521310589958602577098645269870758056640625,0.00713844382578865226107733832350277225486934185028076171875,0.006940954062943587889178420624602949828840792179107666015625,0.007289221928128023463011597726790569140575826168060302734375,0.00720030045196212199754004501528470427729189395904541015625
0.00745639594793182265697328858777837012894451618194580078125,0.0075315858280739778063406220098841004073619842529296875,0.006816153983070165345292679148769821040332317352294921875,0.006808232840592576447236172754173821886070072650909423828125,0.006898120545563859486171143231558744446374475955963134765625
0.007529832838278315010338559432057081721723079681396484375,0.0072971908121192245733066528146082418970763683319091796875,0.00651485380441929606831763521768152713775634765625,0.006916151874600539282977873511981670162640511989593505859375,0.00741431586252809700365862255466709029860794544219970703125
0.007128026238795729697950154246655074530281126499176025390625,0.0075342702329192108579025699555131723172962665557861328125,0.007281275865055781594536998824196416535414755344390869140625,0.007031460395859509028559930499113761470653116703033447265625,0.007424084993492354421495971195099627948366105556488037109375
0.00690744212090883304144828258586130687035620212554931640625,0.00744603622306062862268305480029084719717502593994140625,0.00682727438786425062933194141123749432153999805450439453125,0.006911385743031646551604030292992320028133690357208251953125,0.007264752435731806727570170068020161124877631664276123046875
0.00688764223946518316932241532413172535598278045654296875,0.007235691491095023845925293670688915881328284740447998046875,0.00742769976076355920024951728919404558837413787841796875,0.007210875144976524979412157989600018481723964214324951171875,0.007317592822325305439157272502370688016526401042938232421875
0.007476657838015439427881148048982140608131885528564453125,0.007587925399202361843864483859078973182477056980133056640625,0.006952040646160750382576143380219946266151964664459228515625,0.00721573573255852862562420568792731501162052154541015625,0.006920675649870319280643204962188974604941904544830322265625
0.007041373863984787435932322097187352483160793781280517578125,0.00672890756052364757966444130943273194134235382080078125,0.007082951534356529167679727976292269886471331119537353515625,0.006989719945372000441119464397843330516479909420013427734375,0.007576043097475380384830945246221745037473738193511962890625
0.00784078963137268929173284703892932157032191753387451171875,0.007716882534869580478886774699276429601013660430908203125,0.00742126813190492444494150703349077957682311534881591796875,0.007585419234799246381018011931018918403424322605133056640625,0.00759203259590542078871777675885823555290699005126953125
0.00767718902976031146445645703124682768248021602630615234375,0.007100607809038118715949661208242105203680694103240966796875,0.007619202542833406095745818475961641524918377399444580078125,0.007196690702541925187263327501341336756013333797454833984375,0.00736079341208857075573579464844442554749548435211181640625
0.0073961639025864160668088942429676535539329051971435546875,0.006785252205111066449438883552147672162391245365142822265625,0.0073383989457923050336862758058487088419497013092041015625,0.007440312735394315028780720666645720484666526317596435546875,0.00670359521069940726689662113813028554432094097137451171875
0.00719015405878797690675252596292921225540339946746826171875,0.007177375137377996726362194834791807807050645351409912109375,0.007649032146238098940627114785684170783497393131256103515625,0.007705240324048384832622549112102205981500446796417236328125,0.007227789696405557441638567439667895087040960788726806640625
0.0073382509059734014889020414784681634046137332916259765625,0.006661322236992611202366365574789597303606569766998291015625,0.0075359341508883896654236167478302377276122570037841796875,0.007246503061158594306834235254655141034163534641265869140625,0.006936265334388419349920251733010445605032145977020263671875
0.00704035452104503738091079156902196700684726238250732421875,0.007089317699357844566876440950409232755191624164581298828125,0.007299123184531737355829061897338760900311172008514404296875,0.007322643648468573317200647210256647667847573757171630859375,0.007107383152740904229405227710003600805066525936126708984375
0.007022337231279024601093841084775704075582325458526611328125,0.007008732309711919461481244297829107381403446197509765625,0.007393960965181152651670704045727688935585319995880126953125,0.007253030899866382517904295212929355329833924770355224609375,0.007024677474135434911139963531923058326356112957000732421875
0.007179189855740129681815897555452465894632041454315185546875,0.007177969047129958111985725821568848914466798305511474609375,0.0073027887702415174298042899181382381357252597808837890625,0.007656329442324881495718358337398967705667018890380859375,0.00727334310282304850880930047196670784614980220794677734375
0.007469193123869397217540200273333539371378719806671142578125,0.00661022629433678614307989818144051241688430309295654296875,0.00749209392517078028028709724139844183810055255889892578125,0.00770861761046244368944524438802545773796737194061279296875,0.006877012009637674394557649293346912600100040435791015625
0.007169710401566802525363808484826222411356866359710693359375,0.007248211087312454205255907169203055673278868198394775390625,0.00659403995389028219076266168485744856297969818115234375,0.007073187842743028884429090652474769740365445613861083984375,0.006994967269148632572905999182921732426621019840240478515625
0.007065846272922526351278893486096421838738024234771728515625,0.00750377574366440681929990574872135766781866550445556640625,0.007434520618135427409700621836918799090199172496795654296875,0.00730603963147326805616099676399244344793260097503662109375,0.00703953659288313569886152976096127531491219997406005859375
0.0069500155206265977481105977631159476004540920257568359375,0.007195325178341337168941294066826230846345424652099609375,0.007721654837746126480435560068826816859655082225799560546875,0.007169540833099809044870465157828220981173217296600341796875,0.0071274758022816554758893659027307876385748386383056640625
0.00706506115644446770762687748401731369085609912872314453125,0.007192840907217401720530336461933984537608921527862548828125,0.006662503058393898398847898789654209394939243793487548828125,0.007145199807576989303736780811959761194884777069091796875,0.00720292026179623900983273188103339634835720062255859375
0.007091818545611868786215925553051420138217508792877197265625,0.007189797415740746024115370715890094288624823093414306640625,0.007725823973772979504082147883536890731193125247955322265625,0.00743478655238009010497446382714770152233541011810302734375,0.007361591886524877607900219089742677169851958751678466796875
0.0073877666919587754723597328165851649828255176544189453125,0.0072174140914838709470746636043259059078991413116455078125,0.007779248755661965185337347605809554806910455226898193359375,0.007389555755547617434120244439554880955256521701812744140625,0.0070916902396248870932282670764834620058536529541015625
0.00742386290118718199237957122704756329767405986785888671875,0.00723752780953494136151338267382016056217253208160400390625,0.007464793553382603578938425670230571995489299297332763671875,0.007796671018057549189250732268874344299547374248504638671875,0.007757902209606182784840111565927145420573651790618896484375
0.007655858813951571702205445291156138409860432147979736328125,0.0069085490873695178104529901474961661733686923980712890625,0.006752437226859979609028261648973057162947952747344970703125,0.00671616327653328133717725023643652093596756458282470703125,0.00705182975943452645950504376060052891261875629425048828125
0.007134561060071021275363900571164776920340955257415771484375,0.006996883249792516280829435260102400206960737705230712890625,0.007027413422998766805160908432981159421615302562713623046875,0.0065352056661591717556802905164659023284912109375,0.00716460090585199944890337775404987041838467121124267578125
0.0068218218093818901170966029212650028057396411895751953125,0.007161046892012760435586304907928933971561491489410400390625,0.0076619510272449183052589916087526944465935230255126953125,0.007783379504921810083939437419076057267375290393829345703125,0.00693110534977986643412339873293603886850178241729736328125
0.00701325641657434863118769641232574940659105777740478515625,0.00717225502516470082847721556618125759996473789215087890625,0.007335813989667803493299746975253583514131605625152587890625,0.007360443053257123037502740459103733883239328861236572265625,0.00731789778275969415854973476598388515412807464599609375
0.007209973300293816451944639567273043212480843067169189453125,0.007591637902932892555118993271889848983846604824066162109375,0.00687208512149611004671267977528259507380425930023193359375,0.007328004436361204056160634223715533153153955936431884765625,0.00704226046022318925843297421351962839253246784210205078125
0.007386549868541327466819890190663500106893479824066162109375,0.007163512781456936838464510941548724076710641384124755859375,0.007280700990835102526244071441396954469382762908935546875,0.0074016414474204102191823295697759022004902362823486328125,0.006930063531341963678489292988160741515457630157470703125
0.007211031816600342592149530673850676976144313812255859375,0.007764801037447275310066086007054764195345342159271240234375,0.007051555652416406638760548730715527199208736419677734375,0.00749251967757238838963029792239467496983706951141357421875,0.00749022456636146312380919454199101892299950122833251953125
0.00767380431101134623250725752541256952099502086639404296875,0.007492548645380872791854631742580750142224133014678955078125,0.006477243760996385414652198875273825251497328281402587890625,0.007332491924677408436095138455357300699688494205474853515625,0.006845877286308264635106279882847957196645438671112060546875
0.00784840046567190398330016165573397302068769931793212890625,0.00716101994200073720120425235791117302142083644866943359375,0.007264371147859820243564143993353354744613170623779296875,0.007443206509367711158631220058623512159101665019989013671875,0.007318882493515452107579744023269086028449237346649169921875
0.007001885446078476467335338639941255678422749042510986328125,0.006463751223858602880378843025255264365114271640777587890625,0.00758882540722290166446128978350316174328327178955078125,0.007426144026260455589805165033112643868662416934967041015625,0.007150343887092004864503014260890267905779182910919189453125
0.007504903114720286490257894485012002405710518360137939453125,0.007015760808785819792332549837965416372753679752349853515625,0.00768767704002304604060658022035568137653172016143798828125,0.00696872364178406124290976464408231549896299839019775390625,0.007286401455869011452304295772819386911578476428985595703125
0.007029556958851833174672929516191288712434470653533935546875,0.007329426204182662961394978395901489420793950557708740234375,0.007660442195450423152891517020179890096187591552734375,0.006888403927619436532825414332137370365671813488006591796875,0.00692074681296211448311428426904967636801302433013916015625
0.007056172476397650807078409940231722430326044559478759765625,0.007587599294177556873142176385726997978053987026214599609375,0.007340847046327372664442645344706761534325778484344482421875,0.0072273916262405625554610111294095986522734165191650390625,0.00783731027609801088329444240798693499527871608734130859375
0.007028087611114625619934681566292056231759488582611083984375,0.007037467575587937930470250336156823323108255863189697265625,0.007509945615401181044645806395010367850773036479949951171875,0.007128418696546813364267602963764147716574370861053466796875,0.007479967007032768157304136735774591215886175632476806640625
0.007133848956852872034983814586439621052704751491546630859375,0.00712781306271747898406498933354669134132564067840576171875,0.007176691144655009992059380152795711182989180088043212890625,0.006744611632932496526893206834074590005911886692047119140625,0.007377045629242107681322604406659593223594129085540771484375
0.006766419558009869293646598720215479261241853237152099609375,0.0079621309483377360194378269397930125705897808074951171875,0.006979997500702194053456839384352861088700592517852783203125,0.00710560533861916143738568507615127600729465484619140625,0.00699768826375091017311103058773369411937892436981201171875
0.0074593548573602085072220546635435312055051326751708984375,0.0072309605692892076067579409937025047838687896728515625,0.007115012394119169143735792459892763872630894184112548828125,0.00693637063742409167022007210334777482785284519195556640625,0.006630999256306864021726088509467444964684545993804931640625
0.007392783172877976684278511498860098072327673435211181640625,0.007499093993325950217865294433750023017637431621551513671875,0.007409769407583393328875498440311275771819055080413818359375,0.0073944183375410747760536622763538616709411144256591796875,0.00696306158260783826519091377349468530155718326568603515625
0.0074487051894496052184546641683482448570430278778076171875,0.007678747798296065192602544158262389828450977802276611328125,0.006971081986350976221478159544631125754676759243011474609375,0.007619416525404516284114553315021112211979925632476806640625,0.0078394425145666378484943237481274991296231746673583984375
0.00717502790957595670828794709450448863208293914794921875,0.0075580622333115410338422179847839288413524627685546875,0.007273891986936905675042996932688765809871256351470947265625,0.007397467134524357383618120564960918272845447063446044921875,0.0072487081418215748573885548466932959854602813720703125
0.00714644530645605104146600439207759336568415164947509765625,0.007238857476408283066204862876702463836409151554107666015625,0.00758508692106245850650392270608790568076074123382568359375,0.00723502001957349559491117219067746191285550594329833984375,0.007326424158105853713662813930795891792513430118560791015625
0.007028297700500468585260716025686633656732738018035888671875,0.007213487793126196860604704141906040604226291179656982421875,0.008135468576614589275575184501576586626470088958740234375,0.006845349640346610510521774273229311802424490451812744140625,0.007459940819290013409859074755559049663133919239044189453125
0.007270016281399561443310464170508566894568502902984619140625,0.0072111521095870427522367407391357119195163249969482421875,0.00753424606504015346997160662567694089375436305999755859375,0.007274436164161783568982144743131357245147228240966796875,0.00717024208930498209435544509915416711010038852691650390625
0.007163654098782647194898487441605539061129093170166015625,0.00764686193880565086289369247651848127134144306182861328125,0.007697556813723802245086336171198126976378262042999267578125,0.00735164786172586882939672392467400641180574893951416015625,0.007209352243352743806747984223193270736373960971832275390625
0.00721057112608083396187996783055496052838861942291259765625,0.007201183885249983450405064644428421161137521266937255859375,0.0070053202743338323366106834555466775782406330108642578125,0.006599708803142743419878346600171425961889326572418212890625,0.007548181785018912882956332310868674539960920810699462890625
0.0074471084873303679263489840423062560148537158966064453125,0.007425886451574727729896263639375320053659379482269287109375,0.007556448731839376757590809319253821740858256816864013671875,0.007375853152514206916012806658500267076306045055389404296875,0.007414673728352342944869501906168807181529700756072998046875
0.007267196828413112486000358103410690091550350189208984375,0.00730460787070251298114254012716628494672477245330810546875,0.00725565598012259220517261582017454202286899089813232421875,0.006756074259581375425487426156223591533489525318145751953125,0.006743371076096662565524386678816881612874567508697509765625
0.006637446237029776853477702758254963555373251438140869140625,0.00711651014852316028680423443120162119157612323760986328125,0.00730931831481384901294529043980219285003840923309326171875,0.0074129966291605516037765966075312462635338306427001953125,0.006839256936279299037284573614670080132782459259033203125
0.0075600472316770632452698208680885727517306804656982421875,0.00748486729954636782757848578739867662079632282257080078125,0.007196957729055065804135704610189350205473601818084716796875,0.0070140798772024594287533005854129442013800144195556640625,0.007595162458051286057114648286869851290248334407806396484375
0.0069193952362025523683541905484162271022796630859375,0.007783193506203950166877358896044825087301433086395263671875,0.007176156137804481742470397165334361488930881023406982421875,0.007465932949090692098692567668649644474498927593231201171875,0.006484499903585531389860197037933176034130156040191650390625
0.007537919240059732205183617992361178039573132991790771484375,0.0070771501802614801557300694412333541549742221832275390625,0.0070056750401612521983452097629196941852569580078125,0.007110063840618872053889187867525834008120000362396240234375,0.0070035315939071217383737888440009555779397487640380859375
0.006968819004922271152790980153213240555487573146820068359375,0.007621963998729288335132192599985501146875321865081787109375,0.00665687902166611257526174227905357838608324527740478515625,0.007522707709392904666667600821483574691228568553924560546875,0.0071616699488815487029125250728611717931926250457763671875
0.00731286514171560451946785263999117887578904628753662109375,0.007157612458381702215393094235196258523501455783843994140625,0.007596925033656348573429806236845251987688243389129638671875,0.00734194457330547729789760325047609512694180011749267578125,0.00731539706469426682933221428584147361107170581817626953125
0.00677281855498452177444246302684405236504971981048583984375,0.00709258624844936839959341767780642840079963207244873046875,0.006848915392637437878076145381101014208979904651641845703125,0.00750370623000620913523039945403070305474102497100830078125,0.007186020678772543808510153695578992483206093311309814453125
0.007211805122647247344447318795346291153691709041595458984375,0.008320326376398325118888266160865896381437778472900390625,0.00741489498269127557394941874235883005894720554351806640625,0.006738608595135466179659733398921162006445229053497314453125,0.006737508328878751180657236119486697134561836719512939453125
0.006482134730395179740558564418506648507900536060333251953125,0.0076825818318376447313422517026992863975465297698974609375,0.007218999093815708055499325013215639046393334865570068359375,0.00682563144923561786192589551092169131152331829071044921875,0.007163080533886583868563580068666851730085909366607666015625
0.007823891693910615952045617405019584111869335174560546875,0.00678083945179419438076262593995124916546046733856201171875,0.006733215035456254111967400177718445775099098682403564453125,0.00763683852183117024836622732664181967265903949737548828125,0.006865417215693337717186128799085054197348654270172119140625
0.0075504334558813834821222599202883429825305938720703125,0.007256217266055832448845563931172364391386508941650390625,0.007213982888243870676692193200096880900673568248748779296875,0.00724669871146048881482837344947256497107446193695068359375,0.007342140409890385126245870850425490061752498149871826171875
0.007109936257471687059972254019157844595611095428466796875,0.007294460639890883342506544551042679813690483570098876953125,0.00705623363612888597484751329602659097872674465179443359375,0.006794621878694250861896453130839290679432451725006103515625,0.007203685949287007110608538340557061019353568553924560546875
0.00688465739630668427384563301529851742088794708251953125,0.007221578666974447224813360435291542671620845794677734375,0.00702217687370337330377001450187890441156923770904541015625,0.007240332074097071725360397209669827134348452091217041015625,0.00750319663584130859546039715723964036442339420318603515625
0.007454175484334936256647363705951647716574370861053466796875,0.007068958030520600122059704517596401274204254150390625,0.007792462803326067992404357909208556520752608776092529296875,0.0072585791622621041729868096581412828527390956878662109375,0.00773100966466431192836150643188375397585332393646240234375
0.00695724730153859070858057833675047731958329677581787109375,0.0075536002327149277812967653744635754264891147613525390625,0.007533545319588997625503967725535403587855398654937744140625,0.007327881583778401985984629618542385287582874298095703125,0.006861396758029298693914999063281356939114630222320556640625
0.007514444226885404025384485038330240058712661266326904296875,0.0064308675319024490024677476185388513840734958648681640625,0.00764507145315370707783220183273442671634256839752197265625,0.007189749716917235265734031912643331452272832393646240234375,0.00713138843356689484942467771588781033642590045928955078125
0.007350729182517594210988232106274153920821845531463623046875,0.007132853601770148231631107904604505165480077266693115234375,0.007789089079038452774483847207420694758184254169464111328125,0.007039536449747877712435073505048421793617308139801025390625,0.0071017096048325879797946669214070425368845462799072265625
0.007346027198393938195675190172551083378493785858154296875,0.007609951770771845001861688473354661255143582820892333984375,0.007542213684130764060620233379950150265358388423919677734375,0.00679170086885502212459275739320219145156443119049072265625,0.007442154191468851494317693351376874488778412342071533203125
0.007432080193056782128901982531488101813010871410369873046875,0.006948352219558788338271693163505915435962378978729248046875,0.00777482917650536460574262065392758813686668872833251953125,0.007092792587800991581381548911622303421609103679656982421875,0.006780352204345925504203052014418062753975391387939453125
0.00757124944064080894479129568708231090568006038665771484375,0.00695030258986470243776079058761752094142138957977294921875,0.007449160179732842133881742796575053944252431392669677734375,0.00711696483348868598473035973484002170152962207794189453125,0.007295525102969922272289071685236194753088057041168212890625
0.007179903361925372984320148361803148873150348663330078125,0.006829446938116383487848981559409367037005722522735595703125,0.006974279317679132027263388948767897090874612331390380859375,0.00695668812894270453817124888473699684254825115203857421875,0.0072795837206532758301147367774319718591868877410888671875
0.00786711614980088215498543746662107878364622592926025390625,0.00772664827675344743906915567777105025015771389007568359375,0.0066456267307922166354128279408541857264935970306396484375,0.0071546924488159434341039144555907114408910274505615234375,0.007500602622001716068833587769404402934014797210693359375
0.00748306431199648701413362772427717573009431362152099609375,0.0068352386732877766506444316974011599086225032806396484375,0.007337778878892091578844958377203511190600693225860595703125,0.007212999904054713355694428145170604693703353404998779296875,0.00654849202697786736404594876148621551692485809326171875
0.007378619500762652154424170447555297869257628917694091796875,0.007124471791728515489283690698130158125422894954681396484375,0.00718436416364094491970870848263075458817183971405029296875,0.007618082340633510092520186418596495059318840503692626953125,0.006968530706647370516482187241535939392633736133575439453125
0.00693564388871186453255912596205234876833856105804443359375,0.00699933237482081548053169939294093637727200984954833984375,0.007363963598701737771345943173173509421758353710174560546875,0.007173819934068230430579404810487176291644573211669921875,0.006803794224829702759482774609978150692768394947052001953125
0.007076025479525957680160264118285340373404324054718017578125,0.007391013628223739619083065832683132612146437168121337890625,0.0070966971249061538973279539277427829802036285400390625,0.00700221487717900444025520556579067488200962543487548828125,0.0076400748461944549549951233302635955624282360076904296875
0.00804715845914658577109346282441038056276738643646240234375,0.007309681522473771876635684208167731412686407566070556640625,0.006664225654682565287700857226127482135780155658721923828125,0.007736104605804760246667850509538766345940530300140380859375,0.00732733108915357457535666441117427893914282321929931640625
0.007456434285541925673090890569483235594816505908966064453125,0.00750093110285360471778393076647262205369770526885986328125,0.007057734127902589964242974218677773023955523967742919921875,0.00755369070314106973162981972791385487653315067291259765625,0.0075736490201559307500200901586140389554202556610107421875
0.007460583136045394365976068939971810323186218738555908203125,0.00751223183577101084884564130561557249166071414947509765625,0.00687104957512542531550270297202587244100868701934814453125,0.00779981434118815104838962071198693593032658100128173828125,0.007000161904999723135045730515457762521691620349884033203125
0.006929518582208541756239927877913942211307585239410400390625,0.007484647524984713341800190988806207315064966678619384765625,0.007065007428277029176422185940964482142589986324310302734375,0.006932288425883115223768982104957103729248046875,0.00754051584102793763519922976001907954923808574676513671875
0.0079913686394418037561848677796660922467708587646484375,0.007395498068118744501575623218059263308532536029815673828125,0.0071977731811532046080071012283951858989894390106201171875,0.00713906763784176445764018126283190213143825531005859375,0.007489239899276418921392206584641826339066028594970703125
0.007193923515723813118249996279018887435086071491241455078125,0.007516043313383958569817711037330809631384909152984619140625,0.007225900861920397412474503795465352595783770084381103515625,0.006637078993014741863654126774463293259032070636749267578125,0.007132966012379153390721153726872216793708503246307373046875
0.007209805812010132430867059838419663719832897186279296875,0.007190215624201893966638277078118335339240729808807373046875,0.007597955920490849328341464996583454194478690624237060546875,0.007196023178908450730617563095847799559123814105987548828125,0.007368155404642097970613345836454755044542253017425537109375
0.00736302384489547802337572335318327532149851322174072265625,0.00771398378365364088826705568635588861070573329925537109375,0.006526452974671589392363646453532055602408945560455322265625,0.00700213765239159242892430512483770144172012805938720703125,0.0081115698525989522738033343784991302527487277984619140625
0.006921542209336565588950751504171421402134001255035400390625,0.006912024045657987926516430121637313277460634708404541015625,0.007493735766719807067648417842065100558102130889892578125,0.007467728829374845576916097655839621438644826412200927734375,0.007495221450352920582183013920030134613625705242156982421875
0.007485419987947669086258972726000138209201395511627197265625,0.007118712525481980975261553368227396276779472827911376953125,0.007105995042631145508504886265654931776225566864013671875,0.0071060904599625947242191870145688881166279315948486328125,0.00707000048173453930766552133491131826303899288177490234375
0.007223765717840685378348108969248642097227275371551513671875,0.00730970001400126079271757362221251241862773895263671875,0.00726108523922475330991677111569515545852482318878173828125,0.007229789425897580577851098126984652481041848659515380859375,0.007449711585860875791287316616262614843435585498809814453125
0.006923548303925116699508723883127458975650370121002197265625,0.007028696445960026795152231215979554690420627593994140625,0.00697542987553454764404481380779543542303144931793212890625,0.0072568682367315125170126322018404607661068439483642578125,0.007098721318095967645900312703588497242890298366546630859375
0.006851454221722486602474955219577168463729321956634521484375,0.007226664606046922546822575128544485778547823429107666015625,0.0077430092946890079208532853272117790766060352325439453125,0.0075998055094060497360874961714216624386608600616455078125,0.007573834317847358450770389737272125785239040851593017578125
0.007162127324862842259189932292429148219525814056396484375,0.00727159862922931166107076705884537659585475921630859375,0.007215374147369745840008281589916805387474596500396728515625,0.00719585862485976578140078885326147428713738918304443359375,0.007042538648319155401844593455962240113876760005950927734375
0.00734078259705089712638947929690402816049754619598388671875,0.007000852632024721737546979483113318565301597118377685546875,0.007558401010393387721431057713061818503774702548980712890625,0.007360014139219568825300843428749431041069328784942626953125,0.00771280448664822537718777084592147730290889739990234375
0.007665414821826582215946732645761585445143282413482666015625,0.006940939664606284205394803876743026194162666797637939453125,0.0074432559715099273767169307802760158665478229522705078125,0.00752049616432883503980288963930433965288102626800537109375,0.007136968275924820796773939690638144384138286113739013671875
0.006728200216191499750950644198610461899079382419586181640625,0.007420331269584645901560282510445176740176975727081298828125,0.006648219726290698940174284103932222933508455753326416015625,0.007582340691343859677420180531726146000437438488006591796875,0.00733096363192579404677307053361801081337034702301025390625
0.007055085049354360877960079534432225045748054981231689453125,0.00746882279127315633349137868890466052107512950897216796875,0.007147064763590282865379776922054588794708251953125,0.007508726783747363305032695990348656778223812580108642578125,0.00694010568628237838051386887627813848666846752166748046875
0.00794670349929305075420415960252285003662109375,0.007585910069037430682181710750455749803222715854644775390625,0.00690121704465169148734471349371233372949063777923583984375,0.0074622878597787566101739997748154564760625362396240234375,0.007443993143803779959088995354932194459252059459686279296875
0.007147080485223223679513981920763399102725088596343994140625,0.00670188755700258133318758524410441168583929538726806640625,0.007634065521284768597587433447415605769492685794830322265625,0.00678464177296962504815081018705313908867537975311279296875,0.0072823533982233866479472084165536216460168361663818359375
0.00684855658212543856599996416889553074724972248077392578125,0.00729652893445802142036171744621242396533489227294921875,0.00693584415700511207336642627296896534971892833709716796875,0.007606389991830434481323575113265178515575826168060302734375,0.007593162100856560604855705065574511536397039890289306640625
0.0072760361046021494735303036804907605983316898345947265625,0.00736370173291921170655172090846463106572628021240234375,0.0074385966331717116861721450504774111323058605194091796875,0.00744459875879224623751451161979275639168918132781982421875,0.006841335287469934613169275650079725892283022403717041015625
0.00711473717009076210560092334844739525578916072845458984375,0.007407848029714917022225950660185844753868877887725830078125,0.0074696036085865162579278120347225922159850597381591796875,0.00756198263428232986260724146632128395140171051025390625,0.00712430261938068638827292744508667965419590473175048828125
0.007185715848505361096065779946684415335766971111297607421875,0.00724755653547358262567268383236296358518302440643310546875,0.007261434673541814106834113573540889774449169635772705078125,0.0071271410449302331768794971367242396809160709381103515625,0.0068130041418578111966919408359899534843862056732177734375
0.006981408112133469755222758834634078084491193294525146484375,0.00738711332358631990457897842361489892937242984771728515625,0.0068206373810998123519144797910485067404806613922119140625,0.00673750308915664619657803768859594129025936126708984375,0.007533812372203236955303662369942685472778975963592529296875
0.00749442098471518429458892995853602769784629344940185546875,0.007233181318498301502761815839903647429309785366058349609375,0.007565208968464407109089098213416946236975491046905517578125,0.00709207870051631328323082925635389983654022216796875,0.0074743084360152367562335484763025306165218353271484375
0.0071256262606297880723982274275840609334409236907958984375,0.00710411584012307119329054927447941736318171024322509765625,0.007544473406900432076171991724322651862166821956634521484375,0.00765366192264204346640266152235199115239083766937255859375,0.007039593633455513976837636391792329959571361541748046875
0.00785821440377460801729458950148909934796392917633056640625,0.007169736491652589638334802657482214272022247314453125,0.007410059943038700171202837196915425010956823825836181640625,0.00686300862118656603005906191583562758751213550567626953125,0.0068618792048070996469899540670667192898690700531005859375
0.00721064965782517060255418783754066680558025836944580078125,0.007626599606918004099764818448647929471917450428009033203125,0.0070652542139434115764373700585565529763698577880859375,0.00756911019627652670305195670152897946536540985107421875,0.006878115409979561334363751257114927284419536590576171875
0.006564473274334737575019804722842309274710714817047119140625,0.007313445840158811460385290814656400470994412899017333984375,0.006892096959305970930997897738734536687843501567840576171875,0.00677621139308343979623661113009802647866308689117431640625,0.007516586298096054365169838007432190352119505405426025390625
0.007090645416011045511217592007824350730516016483306884765625,0.006909496968347699115409188408420959603972733020782470703125,0.007175284804541578846659444224087565089575946331024169921875,0.007200479345554428901865495760148405679501593112945556640625,0.00712498419202388551252358439569434267468750476837158203125
0.007256558906674543361903229055087649612687528133392333984375,0.007327878932352868864008588190017690067179501056671142578125,0.00739046047135873650224535680308690643869340419769287109375,0.007251628391180243125846427432179552852176129817962646484375,0.00752395884059423904199892518818160169757902622222900390625
0.006979126083174168500289358263444228214211761951446533203125,0.007362043325277915252480287477965248399414122104644775390625,0.006767195679728519285001109295762944384478032588958740234375,0.00703441427814073538815620167952147312462329864501953125,0.006906535771016749682138513577456251368857920169830322265625
0.0077603842308427602170173287277066265232861042022705078125,0.006996324847127401158619619536693789996206760406494140625,0.00796047096689649937018007364031291217543184757232666015625,0.0080351049769141584533382882682417402975261211395263671875,0.007372297335543898967602505223339903750456869602203369140625