0.007009909842567823602677012928552358062006533145904541015625,0.0068515139373190488136788900419560377486050128936767578125,0.007078418284133548669945223963395619648508727550506591796875,0.007709999987198450088765611099006491713225841522216796875,0.007398643372447295980809389703836131957359611988067626953125
0.0072438810279807537562124508667693589814007282257080078125,0.0073141025105864128363908349683697451837360858917236328125,0.007048495185325816432542200828947898116894066333770751953125,0.007360307593132366967003665791935418383218348026275634765625,0.0069278738063421850534862045378758921287953853607177734375
0.007801034702683310069482036652743772719986736774444580078125,0.007092978430822916187381554919966220040805637836456298828125,0.0073602418295675049730864003549868357367813587188720703125,0.006611369126509641057365396221712217084132134914398193359375,0.006652692727474003760168574928002271917648613452911376953125
0.006734102597460761042980070811836412758566439151763916015625,0.0070460949750671721114603229807471507228910923004150390625,0.007228960017012058848762112717167838127352297306060791015625,0.006803198324436601600317953142393889720551669597625732421875,0.006749408736740841220635989117226927191950380802154541015625
0.006850854656123375220622140346904416219331324100494384765625,0.007544581980186493459783481085878520389087498188018798828125,0.006657109521949553486430684046126771136187016963958740234375,0.007102193198267481126506606159409784595482051372528076171875,0.00695829383182456316647712668554959236644208431243896484375
0.00646955096032448585818830366633847006596624851226806640625,0.0072583872627238719965614421880673035047948360443115234375,0.00702636205453041097490629596222788677550852298736572265625,0.00702837428269174890882453610174707137048244476318359375,0.006576720904309809635768235835939776734448969364166259765625
0.00737782429072970404038134262236781069077551364898681640625,0.0070656712448295029560529911805133451707661151885986328125,0.006723855689560707081520174455135929747484624385833740234375,0.007292148030714889865577799099582989583723247051239013671875,0.007289328732284540597607946921243637916631996631622314453125
0.006959888762719634858200379312620498239994049072265625,0.006860085070448058985892458849775721319019794464111328125,0.007330518106730173587270993351694414741359651088714599609375,0.0071474050749475957766687628236468299292027950286865234375,0.0070494933740217029238817048053533653728663921356201171875
0.006591565252243449836433430988336112932302057743072509765625,0.0065836397015989166214833261392413987778127193450927734375,0.007252865115186438345340480537970506702549755573272705078125,0.006821635551098791973301249669248136342503130435943603515625,0.007173466178422595145025564278284946340136229991912841796875
0.006990507515299847034195845907333932700566947460174560546875,0.0076837588921153943122277496513561345636844635009765625,0.00666533903942173773515822432500499417074024677276611328125,0.006817591952366426621967576693350565619766712188720703125,0.007636820846316652068586083856871482566930353641510009765625
0.00669106651487523518273548006618511863052845001220703125,0.006742930934813246186820823169227878679521381855010986328125,0.006977686898800403332565611691507001523859798908233642578125,0.00708356503562094889925315754908297094516456127166748046875,0.00790110614250192321017518537473733886145055294036865234375
0.007351351422375522470797903906714054755866527557373046875,0.007133558919809122010613489095476325019262731075286865234375,0.006312169598246174240241401776074781082570552825927734375,0.00684596254314065282009504898041996057145297527313232421875,0.0069177685426261951995297039275101269595324993133544921875
0.007190224262557201075074519991403576568700373172760009765625,0.00745021097571407775461693745455704629421234130859375,0.007093145595948732555491300644234797800891101360321044921875,0.006612272013678131311886776444453062140382826328277587890625,0.0064908128321216028433493505644946708343923091888427734375
0.00723790666329408860502070410802843980491161346435546875,0.007160694533735073065428000660403995425440371036529541015625,0.007442912072971106900165505493305317941121757030487060546875,0.007731682642121686689640203127282802597619593143463134765625,0.006797110702846103670593524981313748867250978946685791015625
0.007252961835384243161062300941921421326696872711181640625,0.007423777787194783643609508061445012572221457958221435546875,0.006840004509775214451561264894507985445670783519744873046875,0.007553820441495982286606025724040591740049421787261962890625,0.006767086306721607595615619601403523120097815990447998046875
0.007093743715369991119368275889200958772562444210052490234375,0.00739548169793765967916510106761052156798541545867919921875,0.006974120386316741936061358586584901786409318447113037109375,0.007112728617778331548227033209741421160288155078887939453125,0.00693079869041067497814623266094713471829891204833984375
0.007039127793041023532782940463903287309221923351287841796875,0.006953795418193200149337140913985422230325639247894287109375,0.007462267438077057994660901130146157811395823955535888671875,0.006607052195654053265705396569273943896405398845672607421875,0.006807171864318014610495399807632566080428659915924072265625
0.007204850830322284509221741899409607867710292339324951171875,0.006770512692214860316075597523877149797044694423675537109375,0.006813722479130444875661254400256439112126827239990234375,0.00709157575638003946638665553336977609433233737945556640625,0.006814514451295903239846918353350702091120183467864990234375
0.0070540250288369903131080462799218366853892803192138671875,0.006838744346305761744042595040582455112598836421966552734375,0.006984443554375513278642539916063469718210399150848388671875,0.00693792526619504794360704380551396752707660198211669921875,0.00697435983781220618371587960382385062985122203826904296875
0.006250356403809740300780983801587353809736669063568115234375,0.007495891296395587079237632366357502178288996219635009765625,0.00704500849236652966489646843228911166079342365264892578125,0.007014157142986469917200764712106320075690746307373046875,0.007412056136440458957437282805358336190693080425262451171875
0.00678830849349154087646329713834347785450518131256103515625,0.0073172071617451268921161755542925675399601459503173828125,0.007570825243849795167794258787807848420925438404083251953125,0.00761603747951390165626950334853972890414297580718994140625,0.007111949787988714431763437318068099557422101497650146484375
0.00675244220395218412711368927148214424960315227508544921875,0.006884597005860680109246008129275651299394667148590087890625,0.006736395999916097894477662322287869756110012531280517578125,0.007676371151753891113045380478752122144214808940887451171875,0.007385583358166018796975293980722199194133281707763671875
0.0067720259550579538221359854333059047348797321319580078125,0.006781089236500197590939986724833943299017846584320068359375,0.00696689996752451572159525738925367477349936962127685546875,0.0069795442707981485142010313893479178659617900848388671875,0.00708470715907261704147312997292829095385968685150146484375
0.0071070498888901496858938600098554161377251148223876953125,0.007339001733753414309646689872579372604377567768096923828125,0.007486358813196519919330729209150376846082508563995361328125,0.007352574358980371212191062824103937600739300251007080078125,0.007352393357511395090286843156945906230248510837554931640625
0.006877063271308829668637674359388256561942398548126220703125,0.007077348611572904964195362964574087527580559253692626953125,0.0075264358689458958628915041799700702540576457977294921875,0.00719331918598425067157275947238304070197045803070068359375,0.0074868343028179316911430163372642709873616695404052734375
0.00701785037093440554334389247514991438947618007659912109375,0.00739032314704700377117063680998398922383785247802734375,0.0066185525580367519926650032857651240192353725433349609375,0.006067417527722521360111773702783466433174908161163330078125,0.0071361963531189342990757040752214379608631134033203125
0.007162619042680617130469666875569600961171090602874755859375,0.0071994153130792437611518153062206692993640899658203125,0.007092474750620325098238172500941800535656511783599853515625,0.007781201623451275591059062008980617974884808063507080078125,0.006945726776702849762645808340266739833168685436248779296875
0.006352486611715296542512998456686545978300273418426513671875,0.007081912884534823961202310016460614860989153385162353515625,0.007746573057633041221869962811297227744944393634796142578125,0.0071157243265646714924788085454565589316189289093017578125,0.007066887796037681947203257237788420752622187137603759765625
0.007417289204405341264403350720613161684013903141021728515625,0.007396487723059445851259141591071966104209423065185546875,0.00743271804118628143243086014990694820880889892578125,0.007322521848900716452679393597691159811802208423614501953125,0.007001993652015603593341541710515230079181492328643798828125
0.007556434773428480876356072570843025459907948970794677734375,0.006824601425982891773902583310018599149771034717559814453125,0.007481393537834029293376314484476097277365624904632568359375,0.006939336208870174570184641282821758068166673183441162109375,0.007117578399379038793515217520280202734284102916717529296875
0.006204190787290941692944112872964979032985866069793701171875,0.007279009770802259172983728063854869105853140354156494140625,0.0070795901844762677834754782679738127626478672027587890625,0.006982853907035089201238431400042827590368688106536865234375,0.006849252213438979282333907150359664228744804859161376953125
0.0074722087928535373124727669846834032796323299407958984375,0.0075019805597663323515345012992838746868073940277099609375,0.007108157370592396544217717035962778027169406414031982421875,0.006765623860399917234575983826516676344908773899078369140625,0.007340641363599399900341513358625888940878212451934814453125
0.007223036014580133494511482439293104107491672039031982421875,0.0065491513943609115655508645659210742451250553131103515625,0.007135436958287112198251467276577386655844748020172119140625,0.007287802393241346078645026551612318144179880619049072265625,0.006715874822493458039252001157137783593498170375823974609375
0.0069582061946311390965291820975835435092449188232421875,0.006561707946191992768536493940700893290340900421142578125,0.007096992504021188384599749809922286658547818660736083984375,0.0072550957867654232436027683661450282670557498931884765625,0.006654402079375999930210827670862272498197853565216064453125
0.007722164478694852098039635990289752953685820102691650390625,0.00660091811373890967329369772187419584952294826507568359375,0.006968512058348978917277083411363491904921829700469970703125,0.006409015365841015145209613734778031357564032077789306640625,0.00757867007976148650272296691809970070607960224151611328125
0.0068433972947525879837460394128356711007654666900634765625,0.00689721675894202322643078417740980512462556362152099609375,0.0074217108077413718181247759275720454752445220947265625,0.006973158520517550203188239521523428265936672687530517578125,0.0072782696431292794037037907628473476506769657135009765625
0.007409556497910985313481990743866845150478184223175048828125,0.00727352694640049333985043489292365848086774349212646484375,0.007242314167202174544912818276998223154805600643157958984375,0.007237127160205552266203365974206462851725518703460693359375,0.006972055826179071776060869325419844244606792926788330078125
0.007065865898928995643413220051343159866519272327423095703125,0.007517879422846394064927633138495366438291966915130615234375,0.007406337083156533558636613889802902122028172016143798828125,0.007093149298171155282821676024695989326573908329010009765625,0.006975905456821729876126791936030713259242475032806396484375
0.0068988637608441392978786410594693734310567378997802734375,0.006863338276718976803392191499142427346669137477874755859375,0.007052450013753908640568024424055693089030683040618896484375,0.007327022123592141604475624916403830866329371929168701171875,0.007286044126255057824803618160558471572585403919219970703125
0.00730332832780435613206915235195992863737046718597412109375,0.00766622878240784226544501933631181600503623485565185546875,0.00663694213663275876802227770667741424404084682464599609375,0.0067939020715686304630054337394540198147296905517578125,0.006909902789701113413889377312671058462001383304595947265625
0.007186064607838792139826722404905012808740139007568359375,0.007256195364521143310876372112261378788389265537261962890625,0.0072197537747968158761135981649204040877521038055419921875,0.007200414842547874817724196105928058386780321598052978515625,0.00666747605613907633193004897975697531364858150482177734375
0.00727147485623932769704946821320845629088580608367919921875,0.007026065485790181260050690781326920841820538043975830078125,0.006674484430652415263562904357286242884583771228790283203125,0.006653506989738696385250360521013135439716279506683349609375,0.006981584995366281465312141563117620535194873809814453125
0.006931601573130645281561879045284513267688453197479248046875,0.007314400115634026207367401894998693023808300495147705078125,0.007014976217090848793767055013859135215170681476593017578125,0.007372432840548740796970950128752519958652555942535400390625,0.00725841082949886008679474258542541065253317356109619140625
0.007014348912754749497400208468889104551635682582855224609375,0.006693802048957121775263345853090868331491947174072265625,0.006275105512533581987588693351654001162387430667877197265625,0.007204040375206734701796218445224440074525773525238037109375,0.006972816537486075348650782501636058441363275051116943359375
0.0071595276513250517835817987588598043657839298248291015625,0.006831736187048252466336162314064495149068534374237060546875,0.007123837276709034209420945416013637441210448741912841796875,0.006749688468756918913182829555807984434068202972412109375,0.0070269959187222175156506409621215425431728363037109375
0.00672085270661160714966708695783381699584424495697021484375,0.007269089320555750625973967515847107279114425182342529296875,0.00699904496111803352265123834285986959002912044525146484375,0.007117784066720683928963797626465748180635273456573486328125,0.006783247062023554756204912763450920465402305126190185546875
0.007466511805308456532770389202369187842123210430145263671875,0.006690018287264659808954991859764049877412617206573486328125,0.007350527748734625443916002041078172624111175537109375,0.006599175432431590195003767718162634992040693759918212890625,0.00690647161935230118057216230909034493379294872283935546875
0.006940869759318245117707402158657714608125388622283935546875,0.00669813487870867495244109335317261866293847560882568359375,0.007284023708568953224540276636389535269699990749359130859375,0.006953306875484766523543012084473957656882703304290771484375,0.00695330505777868972117072843275309423916041851043701171875
0.00702915848968675704977471241363673470914363861083984375,0.00708990805776120273928864179424635949544608592987060546875,0.0073976776100433232208342104740950162522494792938232421875,0.006855398066681506197284079462406225502490997314453125,0.00700211968044216204187790708601824007928371429443359375
0.007063071012755929752036099245060540852136909961700439453125,0.006952078169398612748908217184862223803065717220306396484375,0.007151891956325226971935560271731446846388280391693115234375,0.00699357735181040628125170854900716221891343593597412109375,0.007143538845795874801802849418663754477165639400482177734375
0.00695230495593806251120039263469152501784265041351318359375,0.007300805638246514288336452835892487200908362865447998046875,0.006543022737370929840794442355900173424743115901947021484375,0.007488636376488162597897524364043420064263045787811279296875,0.00753222661007589382176075076813503983430564403533935546875
0.006535577548896554823942839362871382036246359348297119140625,0.006231651596074606717923227705568933743052184581756591796875,0.0066769079127808779461350496831073542125523090362548828125,0.007056063679736425571509261800429158029146492481231689453125,0.00713206284748957135277702690245860139839351177215576171875
0.006996283318871267774274880224538719630800187587738037109375,0.007439361214297945078255391848642830154858529567718505859375,0.00767953893719743041490488622002885676920413970947265625,0.00678789161433356047492537754806107841432094573974609375,0.007112020128388793667462142167323690955527126789093017578125
0.00714139165607852004213906838003822485916316509246826171875,0.006690000885097725780159549913150840438902378082275390625,0.006744741435128852498348539512562638265080749988555908203125,0.00700563025417712779974177550457170582376420497894287109375,0.007187114693287913712305137181601821794174611568450927734375
0.00738389471658284536614846871316331089474260807037353515625,0.006728483472894859936108691300660211709327995777130126953125,0.007166985618232003633909510398325437563471496105194091796875,0.00722067210203567420856440861598457559011876583099365234375,0.0074615738446634216618491564076975919306278228759765625
0.007490908493371272770799951246090131462551653385162353515625,0.007249505985792366845321677004676530486904084682464599609375,0.00728067416004524008144027646949325571767985820770263671875,0.006969836799348926546782134749946635565720498561859130859375,0.00702575687641811795491886272202464169822633266448974609375
0.0066629023364661900397099003612311207689344882965087890625,0.00725354355563056531208676602773266495205461978912353515625,0.007044900860558069889683086017839741543866693973541259765625,0.007102430045575068746910307737607581657357513904571533203125,0.007298005074279066174691710244815112673677504062652587890625
0.007072193129253668587852477145361262955702841281890869140625,0.007569874036906114322942329408760997466742992401123046875,0.007237885731452045091904867746279705897904932498931884765625,0.00700578150375808471339578176184659241698682308197021484375,0.00735213778870774485596495395611782441847026348114013671875
0.007265940227984720757581360572885387227870523929595947265625,0.006787073628444395718972703690496928174979984760284423828125,0.0067599176043305099492730647625648998655378818511962890625,0.006931321338704012589848613146159550524316728115081787109375,0.007608925624160356969427621010026996373198926448822021484375
0.00636405690886903373237881709201246849261224269866943359375,0.006852876677099654055547173214790745987556874752044677734375,0.007189077111610059182822407564117384026758372783660888671875,0.006931950973918893539604813014420869876630604267120361328125,0.0064838294843053388694098515543373650871217250823974609375
0.006875478346741914666140349510214946349151432514190673828125,0.0067130181704780113316477496709921979345381259918212890625,0.007268456925914192068294283899376750923693180084228515625,0.00720736008321258038444856452997555606998503208160400390625,0.007349961181909820014113154940105232526548206806182861328125
0.00705177110065055741394690613788043265230953693389892578125,0.007232635026965496087558715743170978385023772716522216796875,0.0068100548957837660213332497960436739958822727203369140625,0.007553358260957606686025744835433215484954416751861572265625,0.007568394851032799776346937647986123920418322086334228515625
0.007301464230795952359276412835242808796465396881103515625,0.006688632260068313149792285088324206299148499965667724609375,0.006858390251949749057136518359811816480942070484161376953125,0.007291060686770584227389679909947517444379627704620361328125,0.00646296535919334280695380812176153995096683502197265625
0.007522335910156070955256968346702706185169517993927001953125,0.0068406391995873040701159339960213401354849338531494140625,0.007189893673392566686430882327840663492679595947265625,0.007103642957077624907336055315454359515570104122161865234375,0.00659534610900356678409028887699605547823011875152587890625
0.00705005153369696845044867217211503884755074977874755859375,0.007414139028040243016570709500001612468622624874114990234375,0.00694095573191604031659807105825166217982769012451171875,0.00628229407888423845018888158620029571466147899627685546875,0.006945282536278385952799308000749078928492963314056396484375
0.007483063832361456536867994060457931482233107089996337890625,0.006827114235016040928727409919929414172656834125518798828125,0.0075120928281485303823483690166540327481925487518310546875,0.00776891369725107860944035564898513257503509521484375,0.007198890658896625084628428936639465973712503910064697265625
0.007233241505611230463823613234808362904004752635955810546875,0.00716242147964350588107418360550582292489707469940185546875,0.00732161278307227013362190604084389633499085903167724609375,0.007154751908821868448817848928911189432255923748016357421875,0.007055719317618999904262455657999453251250088214874267578125
0.006648478239557943127169270525200772681273519992828369140625,0.007103945370924552756008996112768727471120655536651611328125,0.007181934233236475333128634446211435715667903423309326171875,0.006998736521027179059706302410859279916621744632720947265625,0.007405145610959041301002425683464025496505200862884521484375
0.00667208610752904017482389775750561966560781002044677734375,0.007244669336291839449593066291299692238681018352508544921875,0.00726892702748205277174520233529619872570037841796875,0.006329628105847297410424534547246366855688393115997314453125,0.007086817905082034955988046220909382100217044353485107421875
0.006689393948464406915166424738572459318675100803375244140625,0.00726025623273968308268866422849896480329334735870361328125,0.006909067670360717096367242362475735717453062534332275390625,0.006665283800573848678461263972394590382464230060577392578125,0.0067528095182361504156265397114111692644655704498291015625
0.00706337644534784335481614192531196749769151210784912109375,0.00726617974497657977128728390425749239511787891387939453125,0.006952355131903111169766606991515800473280251026153564453125,0.00720060399115305012351928581892934744246304035186767578125,0.00700240235583891694470803912508927169255912303924560546875
0.00697178783019635102402578041846936685033142566680908203125,0.007552151539742806875266101229726700694300234317779541015625,0.006953203362876283523397180630354341701604425907135009765625,0.007326207735624639706684124718094608397223055362701416015625,0.007199860456689272970864923451017602928914129734039306640625
0.007255494888770245252851420758588574244640767574310302734375,0.00674564215147874061961896785533099318854510784149169921875,0.0066398586075423308983101122748848865740001201629638671875,0.00684246501600904548368031754534968058578670024871826171875,0.00682302057901100315884246327868822845630347728729248046875
0.006778894892560062036823698150556083419360220432281494140625,0.007657997801565594002404235851599878515116870403289794921875,0.0069470792314209640905264819821240962482988834381103515625,0.006819875274158987595030101402926447917707264423370361328125,0.007180965681619515261768782465878757648169994354248046875
0.0072932212281378271112597388992071500979363918304443359375,0.0074572032192066206590652654995210468769073486328125,0.007362231155505455197640696241023761103861033916473388671875,0.007411301991969965717588220144307342707179486751556396484375,0.0066080679043538682881919754663613275624811649322509765625
0.007330980361121466025442483527285730815492570400238037109375,0.00681164400172511695641386353372581652365624904632568359375,0.006907341180832658744659369176588370464742183685302734375,0.0073707508136161524470164607691913261078298091888427734375,0.006649132476132150505743201307495837681926786899566650390625
0.006647899518032444714232820359711695346049964427947998046875,0.00703173628106968338913329574779709219001233577728271484375,0.00650222052864735632071724324987371801398694515228271484375,0.0069939453275724809688806971053054439835250377655029296875,0.00630560532542481962103853021517352317459881305694580078125
0.00665025648522464540857157544451183639466762542724609375,0.007127486026641501222489427647133197751827538013458251953125,0.007340786297807661529846168235735603957436978816986083984375,0.007579792710642077428750962297954174573533236980438232421875,0.0065834037050825876258297597587443306110799312591552734375
0.00706892109553815262135145758293219842016696929931640625,0.006679190568255493655469567926274976343847811222076416015625,0.007682785470694127039070764340067398734390735626220703125,0.0071455161697550444166449068461588467471301555633544921875,0.00735370606658239216180117381327363546006381511688232421875
0.006962472829510491477422728934243423282168805599212646484375,0.006957081615849326772238470084630534984171390533447265625,0.006832751032512658119488779817629620083607733249664306640625,0.007469693960593389893409810298408046946860849857330322265625,0.0070663248320410217140352671094660763628780841827392578125
0.007055687745425801536691690074576399638317525386810302734375,0.0069554127965321850546320803232447360642254352569580078125,0.007453818259168001371384182363044601515866816043853759765625,0.00617032879057487215757049625608487986028194427490234375,0.0068218714913434209956566434129854314960539340972900390625
0.00661979967002774248585605931793907075189054012298583984375,0.007422005099216468122780288041440144297666847705841064453125,0.007065370573357443624573637208641230245120823383331298828125,0.007062765086161938189734943449593629338778555393218994140625,0.007120911414854355463155410888020924176089465618133544921875
0.00738130206322897171322683362859606859274208545684814453125,0.008067955497521893393209069245131104253232479095458984375,0.006314866159601595536898788196822351892478764057159423828125,0.007009998189259589694566354722837786539457738399505615234375,0.0074442954596491729690743710534661659039556980133056640625
0.007098609831814304584052255364667871617712080478668212890625,0.00699943655087069578624170418379435432143509387969970703125,0.007006111766407884834662045392406071186996996402740478515625,0.0064548124866593281634408185709617100656032562255859375,0.006893473506467020887888974556290122563950717449188232421875
0.00715313932336465729822094772316631861031055450439453125,0.00714198469457662243886630903944023884832859039306640625,0.0067781821111622501951909924855499411933124065399169921875,0.00701118296855841004189269227708791731856763362884521484375,0.007228455978614256420555772564284779946319758892059326171875
0.006912062950139847943009652198043113457970321178436279296875,0.0068500896129522446942328173236091970466077327728271484375,0.007591845261837434390150836094335318193770945072174072265625,0.007571509349537669346374979539859850774519145488739013671875,0.006934211574097075454770067182153070461936295032501220703125
0.007132737764991754943200152894178245333023369312286376953125,0.00738331878044995622289992098785660346038639545440673828125,0.00717409724243149408973163616565216216258704662322998046875,0.007236904614326022076864486365366246900521218776702880859375,0.007356951869250363991448171674392142449505627155303955078125
0.007006750656189193217360244858582518645562231540679931640625,0.0070941230763310880735872387958806939423084259033203125,0.007530499333780939046067981479382069665007293224334716796875,0.007033164671161049215364347020340574090369045734405517578125,0.006866741248702912421564281686414688010700047016143798828125
0.007083263642114599571708577485651403549127280712127685546875,0.006906247886013120416970334503048434271477162837982177734375,0.00707262152129976839898262142014573328197002410888671875,0.007763449786451582200486054574639638303779065608978271484375,0.006990977254454275140183039383146024192683398723602294921875
0.0070498167092003516387421768740750849246978759765625,0.007078256270548077648541163142681398312561213970184326171875,0.006900761580214158884272190874753505340777337551116943359375,0.006613880164354208994470507576579620945267379283905029296875,0.007490186518504214630009840902857831679284572601318359375
0.0070892501227627462145886028110908227972686290740966796875,0.00633322867624081485560250115440794616006314754486083984375,0.0070657765967758016933952802673957194201648235321044921875,0.006947554389338220399985335262726948712952435016632080078125,0.0073007116816458383912191720810369588434696197509765625
0.0070089982047597983172426694409296032972633838653564453125,0.00702358437840072159785709260404473752714693546295166015625,0.00710228159728522323579369412982487119734287261962890625,0.006806533814690643967304506389837115420959889888763427734375,0.007140157118919861212180677512151305563747882843017578125
0.007204138125184728590200133879761779098771512508392333984375,0.00664818593925618588069692549424871685914695262908935546875,0.00755534116278060337290600756432468187995254993438720703125,0.007165809803258162656580676497242166078649461269378662109375,0.007064533366014640047847450432527693919837474822998046875
0.006933673452849052100399607212466435157693922519683837890625,0.00702792325014910644609411605188142857514321804046630859375,0.00715181267492580319267148070139228366315364837646484375,0.0068469036255058811357709913636426790617406368255615234375,0.006868240420971629366098110125449238694272935390472412109375
0.00613129092666056356442094710246237809769809246063232421875,0.00755546895434156505488854094210182665847241878509521484375,0.006779803382595975778934782596252262010239064693450927734375,0.007299783057417756106100004132031244807876646518707275390625,0.00661301172991441039983318006534318556077778339385986328125
0.006755458528217438314567022672463281196542084217071533203125,0.007119200517426934639308999663853683159686625003814697265625,0.007170450021551372753181308183911824016831815242767333984375,0.007184867576292501729906536667158434283919632434844970703125,0.00669829403870156152300818774847357417456805706024169921875
0.006998069718550706773407821259525007917545735836029052734375,0.006615831202659537557675406560520059429109096527099609375,0.0072371214252033196079327836969241616316139698028564453125,0.006970095940678359795750207439368750783614814281463623046875,0.0067398547727683007224630529208297957666218280792236328125
0.006958914986691463848422767313195436145178973674774169921875,0.007003398297458497158418655459399815299548208713531494140625,0.007690916695130123499624108518446519155986607074737548828125,0.0065120744319384325782262834536595619283616542816162109375,0.007176963375324810039124212579508821363560855388641357421875
0.007561913964428334904155359907917954842559993267059326171875,0.00716323384377178830340060500248000607825815677642822265625,0.006827047667526733691623075372945095296017825603485107421875,0.00765449935236198718280231645394451334141194820404052734375,0.0073052200762672471479053371012923889793455600738525390625
0.00702557587523141603702558910526931867934763431549072265625,0.007318229878158389635489644575727652409113943576812744140625,0.007486692991090279809818230916107495431788265705108642578125,0.006914028942586264263325812606808540294878184795379638671875,0.006419878174085075737964611874986076145432889461517333984375
0.007498642432987868457205937744447510340251028537750244140625,0.0066238980942827548059614883868562174029648303985595703125,0.006992902112924816691863494355629882193170487880706787109375,0.007024309325365103197358340736400350579060614109039306640625,0.007081426350039248494849797310735084465704858303070068359375
0.00734435968994244688101691309611851465888321399688720703125,0.0070001725006498365100338077127162250690162181854248046875,0.00721894592497275729148231704357385751791298389434814453125,0.0069060864172840082109150472433611867018043994903564453125,0.007125909517607799219252040501260125893168151378631591796875
0.006884368902243969724763505979581168503500521183013916015625,0.006687886405890144068953073741568005061708390712738037109375,0.006364052508227093472858992839746861136518418788909912109375,0.007063114354283364475228790269056844408623874187469482421875,0.006852977484262989631147444669068136136047542095184326171875
0.00729857115229795745670049456066408311016857624053955078125,0.00707096594446186658966535532044872525148093700408935546875,0.00724031950058330424357944110624885070137679576873779296875,0.006878541137424003769351710246837683371268212795257568359375,0.007323502562281507775876487897903643897734582424163818359375
0.007504408376689642758139431322206291952170431613922119140625,0.00708693811683229653308746520679051172919571399688720703125,0.006701399047860374762197732678714601206593215465545654296875,0.007101112017000643650277424967498518526554107666015625,0.00716240680017810570079372922691618441604077816009521484375
0.0067877980146999437882637806751517928205430507659912109375,0.00715879334602638299489552053955776500515639781951904296875,0.006834551817008711893652872504389961250126361846923828125,0.0073020352365140706041302109952084720134735107421875,0.007043192573736651272697795178601154475472867488861083984375
0.007082788957815110662818991471567642292939126491546630859375,0.0065753043891437108758868390623320010490715503692626953125,0.006946884318038978357867652135837488458491861820220947265625,0.00703810036376363058752136936391252675093710422515869140625,0.006891290970281460648294569182326085865497589111328125
0.00706140847826148589094774621344186016358435153961181640625,0.00768868144765134757523394881673084455542266368865966796875,0.00692435204352735700350507386247045360505580902099609375,0.0068897634051495910967322089391018380410969257354736328125,0.007158205799532434999987717816338772536255419254302978515625
0.007005714875389638940372805109291221015155315399169921875,0.006749123820953012269086013219521191786043345928192138671875,0.007064408516605692571477259633638823288492858409881591796875,0.00680280385900454594161335108992716413922607898712158203125,0.0069323365938446339373779636616745847277343273162841796875
0.007169796158927621045064970672910931170918047428131103515625,0.007130491225193681496807851516450682538561522960662841796875,0.0075183015407476773417361215479104430414736270904541015625,0.007040931091570077314523157241410444839857518672943115234375,0.007477470965718331641358673778086085803806781768798828125
0.006730743506943254704510959385288515477441251277923583984375,0.0065057190587418760319149413362538325600326061248779296875,0.00725163919313055564674908026745470124296844005584716796875,0.007063306715109372857508418519500992260873317718505859375,0.007148081946951084959807065644099566270597279071807861328125
0.00727044855502124130752772401820038794539868831634521484375,0.0070485213866949177063947473698135581798851490020751953125,0.0073200039807497889465803808661803486756980419158935546875,0.006629178715656568188219210924216895364224910736083984375,0.006772997907598479229440702198417056933976709842681884765625
0.00706009279363361240411389729842994711361825466156005859375,0.007151845459122611881053188653822871856391429901123046875,0.00679446066562989191284227530331918387673795223236083984375,0.00755005387776490344275970301168854348361492156982421875,0.007135804040204473362718484708011601469479501247406005859375
0.0080421550847482488333373140676485490985214710235595703125,0.00694869287293078778666721717627297039143741130828857421875,0.006682521363757337913569234189026246895082294940948486328125,0.006970261451356683964075688919592721504159271717071533203125,0.006529234928511104020520949831052348599769175052642822265625
0.007047703085908960281280588588970204000361263751983642578125,0.007361923158111849385676350721041671931743621826171875,0.00725749908501641984026608866997776203788816928863525390625,0.006858052782421876318597053767689430969767272472381591796875,0.00684106169315079441772819990319476346485316753387451171875
0.00684726656653447847411531057559841428883373737335205078125,0.0069814846456992020462539727532202959991991519927978515625,0.00712043862167035558619065938046333030797541141510009765625,0.006858812252933979038138634365395773784257471561431884765625,0.006476972383906063300551547712302635773085057735443115234375
0.007490358835214057549312105521721605327911674976348876953125,0.00694046153867716557328559900952313910238444805145263671875,0.007315276130885769133305185363269629306159913539886474609375,0.007310051645682310271501247456171768135391175746917724609375,0.006814244831347577267821602475805775611661374568939208984375
0.00730204035611919065329455946766756824217736721038818359375,0.00681109416819024315881136999450973235070705413818359375,0.00647756762182826774376653844456086517311632633209228515625,0.00685705933552383829765464184902157285250723361968994140625,0.00684489591805027830506702457569190301001071929931640625
0.006986168979022548859714181190838644397445023059844970703125,0.007317754589079000955564868746705542434938251972198486328125,0.00661302699313846310824605012612664722837507724761962890625,0.00734972968538177666431021606285867164842784404754638671875,0.007348975047612661855300775215482644853182137012481689453125
0.007368875618115641561167716844238384510390460491180419921875,0.006754849803216945482164934588809046545065939426422119140625,0.0073900927184092392308034646930536837317049503326416015625,0.006958324279192926696546717124647329910658299922943115234375,0.007619733507509306343064015010213552159257233142852783203125
0.006777199981523616099943208013201001449488103389739990234375,0.00720183307664928017144401195537284365855157375335693359375,0.006989909821299431121055523163931866292841732501983642578125,0.0067694986059020530178020891298729111440479755401611328125,0.007066272188069517602715396975554540404118597507476806640625
0.006555476515819697903852958376091919490136206150054931640625,0.006758238963308489145875856962675243266858160495758056640625,0.007507877937990401102930082544162360136397182941436767578125,0.007114404523276424315014754284902664949186146259307861328125,0.00740193146595113753150041446815521339885890483856201171875
0.0068692225172362897378519619451253674924373626708984375,0.006706765039424369100051759318148469901643693447113037109375,0.007614967313951931555948693386426384677179157733917236328125,0.00659421836876738880206527682048545102588832378387451171875,0.00761185229717325530229832253326094360090792179107666015625
0.00684142281874359874105362422369580599479377269744873046875,0.007281657417753307180718902458238517283461987972259521484375,0.00677472619092416190877958825922178220935165882110595703125,0.006432374207043922188786755356204594136215746402740478515625,0.00698466632996856164050658577480135136283934116363525390625
0.00708314909122571834121373512971331365406513214111328125,0.006935648870502779221591804770241651567630469799041748046875,0.00713296454501787836888215821318226517178118228912353515625,0.0068452363749629020761577891107663162983953952789306640625,0.007235025230545938206005995851910483906976878643035888671875
0.0073122164661243473082752331038136617280542850494384765625,0.00669557885352626940000941857533689471893012523651123046875,0.007486669091324804105325174674590016365982592105865478515625,0.00687037931795252132527451749410829506814479827880859375,0.0070574409904529435133557768722312175668776035308837890625
0.0070724991903337412757490909598345751874148845672607421875,0.00758607559655438169754493316077059716917574405670166015625,0.00743630830705990959750284474694126402027904987335205078125,0.006639143416135016330381635185631239437498152256011962890625,0.006804435742918662523293082955433419556356966495513916015625
0.006985791362927039858943256689371992251835763454437255859375,0.006742665104874099972487311305258117499761283397674560546875,0.006765330850433404208388310507871210575103759765625,0.00719355946253708890270051057314049103297293186187744140625,0.006420517072813293306399184956489989417605102062225341796875
0.0072602774190705099410791945047094486653804779052734375,0.007336512169699935421995906636993822758086025714874267578125,0.00788592554727741805453700152384044486097991466522216796875,0.0080020593450313391714612265559480874799191951751708984375,0.0077272499008387007801701429343665950000286102294921875