0.1089646993071421154919420359874493442475795745849609375
-0.0276808130792624458582640301074206945486366748809814453125
0.0958952164810388529847529071048484183847904205322265625
0.02662544146368468755969871608613175339996814727783203125
-0.1112327749151777733782608947876724414527416229248046875
-0.0647655980638482120514964890389819629490375518798828125
0.043932530994273133462257874271017499268054962158203125
-0.00669990395819184021697356712365944986231625080108642578125
0.04174515475016234156147021394644980318844318389892578125
0.0285369358962612625074672934033515048213303089141845703125
0.0286197457059407696366992723824296263046562671661376953125
0.0264032912163950882200591507853459916077554225921630859375
0.03744136662532308867934460749893332831561565399169921875
0.0271787710967657074323522436998246121220290660858154296875
0.05431794477699798673331343934478354640305042266845703125
0.00804944906136577896516026697781853727065026760101318359375
0.04793399213813372139458834908509743399918079376220703125
0.04619234049756300308775536223038216121494770050048828125