0.003624731064084437369421376473610507673583924770355224609375
0.00402851063152638751152512242015291121788322925567626953125
0.003165376679215640455533620212236201041378080844879150390625
0.003614822485698109509610898015807833871804177761077880859375
0.00147533703809839722605190548421205676277168095111846923828125
0.00192003138938151747538984892571534146554768085479736328125
0.002159183486357805874245041621861673775129020214080810546875
0.00102136039106613153715219510786482715047895908355712890625
0.001745328994699239626153808302433390053920447826385498046875
0.002784413465903089017483562628285653772763907909393310546875
0.00463558489845255529415712913987590582109987735748291015625
0.00019876038978298936061965551669317164851236157119274139404296875
0.005308371281998021384840313885433715768158435821533203125
0.005512890134198399245957222802871910971589386463165283203125
0.0036722119970870772780180413263906302745454013347625732421875
0.0028352083335090728748173471984728166717104613780975341796875
0.00066015498493004272535789045406318109598942101001739501953125
0.0028468161010151734995055061716584532405249774456024169921875
0.003903421633132992014936224478560689021833240985870361328125
0.0037560136445588805480244598555827906238846480846405029296875
0.005933588047328858770812498590885297744534909725189208984375
0.000774247297765620905336814150388136113178916275501251220703125
0.003756938777697046115411350086787933832965791225433349609375
0.004465598051719087656363793570335474214516580104827880859375
0.002049768695686466322969376818718956201337277889251708984375
0.0000107079760272668723171569926666535366166499443352222442626953125
0.0020289733159149793938202943621718077338300645351409912109375
0.005993658357724081058026666113391911494545638561248779296875
0.00526675806701912101182028180801353300921618938446044921875
0.004247049298212692523823985624176202691160142421722412109375
0.00395976191852442059582184441524077556096017360687255859375
0.0016542009795535946893585421690886505530215799808502197265625
0.006049652309208589269495792706266001914627850055694580078125
0.002555787746892701668699476869051068206317722797393798828125
0.0021294635858653443612198419288006334681995213031768798828125
0.00132996367463890548255012191702917334623634815216064453125
0.0022638915029846618139075520304004385252483189105987548828125
0.000942204054191258448362755739680096667143516242504119873046875
0.00403009996935674470741606256751765613444149494171142578125
0.0043943741386319283559469539568453910760581493377685546875
0.0047594454014367633398752133189191226847469806671142578125
0.005101739777554251988045397325777230435051023960113525390625
0.0024860749905360984661484291535771262715570628643035888671875
0.0037914436040783297023060161023977343575097620487213134765625
0.00413303352654167087398828783761928207240998744964599609375
0.003899780425767037338180553973643327481113374233245849609375
0.002794400925075712048550879984532002708874642848968505859375
0.004262167908114512272776952528374749817885458469390869140625
0.0038396413035427447331404682273614525911398231983184814453125
0.0023556997192290640534551027229781539062969386577606201171875
0.0049057462011177326022259848059547948651015758514404296875
0.002436952473528138617131499898960100836120545864105224609375
0.0013755724695494677030371821757626094040460884571075439453125
0.00197441407819903304299291590950815589167177677154541015625
0.003292402581336255872057616755910203210078179836273193359375
0.0030740344530910328028905365016498762997798621654510498046875
0.00598458565665322371474044160777339129708707332611083984375
0.00509093687434757254106632018419986707158386707305908203125
0.0019182141402314064650147518165113069699145853519439697265625
0.006869060550391651275015103550458661629818379878997802734375
0.004812862704198838346980604541158754727803170680999755859375
0.0037938714750562242683518121566521585918962955474853515625
0.00325885925266182312209917171230699750594794750213623046875
0.001897726648762344814347358123995945788919925689697265625
0.018388571162287807581048326710515539161860942840576171875