0.00545869067710087231548587993756882497109472751617431640625,0.00551457003427514858007185694077634252607822418212890625,0.005318367146177091324410479700190990115515887737274169921875,0.0052847933890622263153336035657048341818153858184814453125
0.005273839248447808984721074665458218078128993511199951171875,0.005383524974799060690278107443873523152433335781097412109375,0.005400750697127275345987840182715444825589656829833984375,0.005283348688058665809652580946931266225874423980712890625
0.0054401699051690975694750562752233236096799373626708984375,0.005359833324026649740978722746831408585421741008758544921875,0.005267693066065085201465922892793969367630779743194580078125,0.00531772938002782365185527879702931386418640613555908203125
0.005297754915261612164434357197251301840879023075103759765625,0.005371574687821237086005066174720923299901187419891357421875,0.00538711838994272544656194412482363986782729625701904296875,0.00534769224350277981583356989858657470904290676116943359375
0.00532121250628019883122110655904180021025240421295166015625,0.005303576708975500653142631790615268982946872711181640625,0.00549304578209917730713396366581946494989097118377685546875,0.005244140505756858701424949487090998445637524127960205078125
0.005366465430035251282792074789540492929518222808837890625,0.005492293207181799148675072075320713338442146778106689453125,0.005244100112159140285317260321562571334652602672576904296875,0.00555701545667072922818352509466421906836330890655517578125
0.005290687334461366235494050869192506070248782634735107421875,0.00530600675950786138113102197166881524026393890380859375,0.005376987599806891393594554529045126400887966156005859375,0.005303370064124475653788426399160016444511711597442626953125
0.005342032541608274752442664379259440465830266475677490234375,0.0052795504670176858497132599268297781236469745635986328125,0.005466728810515529383973198918056368711404502391815185546875,0.00523881912329824013518919656462458078749477863311767578125
0.005302132374605097141218035261545082903467118740081787109375,0.00536816979770201978261479069942652131430804729461669921875,0.00549271067515278051118787772111318190582096576690673828125,0.005217329118289351121140473566129003302194178104400634765625
0.00521169675972153224885463629334481083787977695465087890625,0.00539071865538347759494453015349790803156793117523193359375,0.00530191156089312130850199622500440455041825771331787109375,0.00537626535812994223173522101433263742364943027496337890625
0.005507689760102241205430573245394043624401092529296875,0.005455370304562646120716262743144397973082959651947021484375,0.005474770782895342635665514308129786513745784759521484375,0.00529160514138281301566024694693624041974544525146484375
0.005412201410893641324861835784076902200467884540557861328125,0.005346025617957551358261358842582922079600393772125244140625,0.00533284877310314688048098474837388494051992893218994140625,0.0052461282995511539228861153105754056014120578765869140625
0.00542232918596001998989830639175124815665185451507568359375,0.0052548200235719953743451782202100730501115322113037109375,0.0052804002271473228502518537652576924301683902740478515625,0.005218956333913240229482877197142443037591874599456787109375
0.0052482395449381102903174678431241773068904876708984375,0.00519089957411305973067339181170609663240611553192138671875,0.00551666915250599576570067483771708793938159942626953125,0.005335711207385012734560891800583704025484621524810791015625
0.0054411124707563450486613731982288300059735774993896484375,0.005530080382337433132777793076684247353114187717437744140625,0.005400757315219003630579752694984563277103006839752197265625,0.005394843775957505575824324495215478236787021160125732421875
0.005328855899658748070113478689791008946485817432403564453125,0.005424514899528300009012848903466874617151916027069091796875,0.0052662376083164631757060902828015969134867191314697265625,0.005399681886052438810341680408555475878529250621795654296875
0.005351771001457289976543929554964051931165158748626708984375,0.005430871819694752487828193210361860110424458980560302734375,0.005245443434906246239768368155864664004184305667877197265625,0.00556974647970467744151346067837948794476687908172607421875
0.005196859108728523433951007604036931297741830348968505859375,0.00551969072779136434026003854569353279657661914825439453125,0.0054404980541899565504859737075094017200171947479248046875,0.005492034300230906780637685216106547159142792224884033203125
0.005356359445936463743731525966040862840600311756134033203125,0.005452184801474582558078463279116476769559085369110107421875,0.00522104892809041772061551256456368719227612018585205078125,0.005271755342295773687222304459965016576461493968963623046875
0.0053760148962125643701259747331278049387037754058837890625,0.005365722461540023933979082215728340088389813899993896484375,0.0053448677369778707646474913417478092014789581298828125,0.005366810875016587469021889233999900170601904392242431640625
0.0052661999591711687596085056384254130534827709197998046875,0.005387598421755782594766426285559646203182637691497802734375,0.005313383887188958230873847554676103754900395870208740234375,0.00537774167882331712020604896906661451794207096099853515625
0.005371873213885586424709561725876483251340687274932861328125,0.00543690184143451327170026843305095098912715911865234375,0.005586373715466733981538371978103896253742277622222900390625,0.005505856880824209521885226337190033518709242343902587890625
0.0055837759629006854245059088270863867364823818206787109375,0.005504628714291419540327598980411494267173111438751220703125,0.005365136087067991221832841119976365007460117340087890625,0.00546296774580960591005673876452419790439307689666748046875
0.0053636271259804406408289167984548839740455150604248046875,0.00548042039216481251251433803872714634053409099578857421875,0.00543880403952290598923458020408361335285007953643798828125,0.00559185393905311210749342620829338557086884975433349609375
0.00530014731759532488342134826098117628134787082672119140625,0.00517963296280738068333437951196174253709614276885986328125,0.005331620229562093749020590394138707779347896575927734375,0.005370395182888253182706961297299130819737911224365234375
0.005303534892497554532886372413713615969754755496978759765625,0.005412138949092094343529257827185574569739401340484619140625,0.005366423292699272311334635077173516037873923778533935546875,0.005292817872543881772828822107612722902558743953704833984375
0.00532460435456357135397542634791534510441124439239501953125,0.0053608008982412407028572687295309151522815227508544921875,0.00537142687205934173111376850329179433174431324005126953125,0.005416618539474382480747305379509271006099879741668701171875
0.0054250476623540593024141998057530145160853862762451171875,0.005383715730947417898999418639505165629088878631591796875,0.00527627121574992564989603494041148223914206027984619140625,0.00548697451482764615715570499787645530886948108673095703125
0.00524420270015148702602569841246804571710526943206787109375,0.005167127286294567571622859958324625040404498577117919921875,0.00552019904030267606620530074224006966687738895416259765625,0.005358513757657635927234007766628565150313079357147216796875
0.005435752925529421623884740455423525418154895305633544921875,0.00515583344427616822869264723294691066257655620574951171875,0.005306668619365020704570223841756160254590213298797607421875,0.005431343020436082448532122413098477409221231937408447265625
0.005316258066695041771543284170320475823245942592620849609375,0.00534308403206155968501178676888230256736278533935546875,0.005363129029117001678184095680990139953792095184326171875,0.005405958038415946409482870649299002252519130706787109375
0.00521571924961361683970029190504646976478397846221923828125,0.005503068871875773683532973024057355360127985477447509765625,0.005403002476612105316189360593170931679196655750274658203125,0.005343650334636923342201964004516412387602031230926513671875
0.00538108944674546563202710558471153490245342254638671875,0.005384460615982918085808961450311471708118915557861328125,0.00553065378470420608569835252410484827123582363128662109375,0.005395237926164760978997581020166762755252420902252197265625
0.0054690883652906037426522090072467108257114887237548828125,0.0053176524764886705376465414474296267144381999969482421875,0.005435019641731812789497979565567220561206340789794921875,0.005318341965077484807811192268900413182564079761505126953125
0.005329984981527429062364564771314690005965530872344970703125,0.00522049828332970915212296603158392827026546001434326171875,0.0052642515083615275262030053227135795168578624725341796875,0.005580145145370270405582591166648853686638176441192626953125
0.0055021494086423504421556884835808887146413326263427734375,0.00547743245971850367670441528389346785843372344970703125,0.005363331113137469706442228556397822103463113307952880859375,0.00553268899298161621891356531932615325786173343658447265625
0.00518701649396398171976141355798972654156386852264404296875,0.00528661423436662357422388680561198270879685878753662109375,0.0053719402069418685508050970156546100042760372161865234375,0.005114100300723158944171675699408297077752649784088134765625
0.005333771555773397961275339440589959849603474140167236328125,0.00520733214105769705304371797183193848468363285064697265625,0.0054132918880802245731320709865030949003994464874267578125,0.005404317181427573980878609205547036253847181797027587890625
0.005252126102868184646943472415614451165311038494110107421875,0.00561773698266289887859326057650832808576524257659912109375,0.005393793434248933711672169266648779739625751972198486328125,0.005527835801512580304883925919057219289243221282958984375
0.00532352839715187313440747374215789022855460643768310546875,0.005349657668054469232543635115462166140787303447723388671875,0.00548465971162639780167591396775605971924960613250732421875,0.00537778622523879014372116813547108904458582401275634765625
0.0051751685345430252505050106037742807529866695404052734375,0.005364589291512895756486312137667482602410018444061279296875,0.005325498591881096775713100299753932631574571132659912109375,0.0052070303144052844379618960601874277926981449127197265625
0.005153121525694369202408307018004052224569022655487060546875,0.0052483650786245006347741082208813168108463287353515625,0.005474962583374039064298965939769914257340133190155029296875,0.0053370338350545547256853495809991727583110332489013671875
0.005200080401856782379155230700007450650446116924285888671875,0.005243311069645202431022124045512100565247237682342529296875,0.00544330440886481477236191750534999300725758075714111328125,0.005296191654062579710904312690900042071007192134857177734375
0.0054844379774822184236970912252218113280832767486572265625,0.005408282886623812062143468182284777867607772350311279296875,0.00516786153029870874708873174085965729318559169769287109375,0.0054177857133505986919619346053877961821854114532470703125
0.005486028222030044088075584340913337655365467071533203125,0.005406937753371522832612772191396288690157234668731689453125,0.00541689522888189230187538925065382500179111957550048828125,0.005242562448416477650925404674353558220900595188140869140625
0.0053725124874561235033265660376855521462857723236083984375,0.005462195401037925508724857337483626906760036945343017578125,0.00520481034845472756433792937968974001705646514892578125,0.005600141108280355488335811031674893456511199474334716796875
0.005421847278117877290404269530199599103070795536041259765625,0.00535696052225142181624217840862911543808877468109130859375,0.00528940579001127737790444172105708275921642780303955078125,0.00536474267550504473056616205894897575490176677703857421875
0.005431920675803524924118992345256629050709307193756103515625,0.005354670321426745205339869926319806836545467376708984375,0.005251946275827256392643160864963647327385842800140380859375,0.005212180117542428332833015502956186537630856037139892578125
0.005303119001452531906803944394823702168650925159454345703125,0.005414055916069961289782686009175449726171791553497314453125,0.005407128782106854734956780106358564808033406734466552734375,0.005336468667396691324678048573559863143600523471832275390625
0.005246484286311887436371481641117497929371893405914306640625,0.005358902644725409801507165497014284483157098293304443359375,0.00543657654701298724553293340022719348780810832977294921875,0.00538991965056356651941893431967400829307734966278076171875
0.005256132643091490815046018525436011259444057941436767578125,0.00522580491996653233310876629502672585658729076385498046875,0.0050148323266531354136521514419655431993305683135986328125,0.00501946220290393207985601975451572798192501068115234375
0.00515426360185815106429441101454358431510627269744873046875,0.005064221724946902682129579176262268447317183017730712890625,0.00516906797676493397208918878504846361465752124786376953125,0.005114888753277598010260618366373819299042224884033203125
0.004862773935823897462904508159908800735138356685638427734375,0.005034953215815154807522002755604262347333133220672607421875,0.00495397097215226345223726411859388463199138641357421875,0.005195647684831049793741097886368152103386819362640380859375
0.005166154014502760162541594723961679846979677677154541015625,0.005178987500877483933503508950479954364709556102752685546875,0.005110680583540506104200940029613775550387799739837646484375,0.005099929503528881358231927833912777714431285858154296875
0.004978519953345657451937444903933283057995140552520751953125,0.005084055630965357737427456896739386138506233692169189453125,0.004906786932919313636014546631258781417272984981536865234375,0.005012625131424800449531087309651411487720906734466552734375
0.004914810833505693643541434312282945029437541961669921875,0.004959781097302860992936945905285028857178986072540283203125,0.005036083807047036196846701017193481675349175930023193359375,0.004964390651028567809366354168787438538856804370880126953125
0.005245056271004259508539124823300880962051451206207275390625,0.0049905946871163751887845450028180493973195552825927734375,0.004992618670374970694936234139049702207557857036590576171875,0.00491294787096192321629306576369344838894903659820556640625
0.00508085750495646491786683185409856378100812435150146484375,0.005053000674839980103925096699413188616745173931121826171875,0.0051429806598768633418838902571224025450646877288818359375,0.00497240924124275895934488289640285074710845947265625
0.005065475828235893769602160574549998273141682147979736328125,0.005065138105215269935521771316189187928102910518646240234375,0.004922817732998934457666617703353040269576013088226318359375,0.005180643826701198349782284680031807511113584041595458984375
0.004972165995637155798403394868500981829129159450531005859375,0.005012985676116581308658926019461432588286697864532470703125,0.00498126033177774367455281634420316549949347972869873046875,0.0048867079624165775386668286728308885358273983001708984375
0.005123064401519074155533228775993848103098571300506591796875,0.005074522369793592162234840969858851167373359203338623046875,0.0048922451372273197123252685969418962486088275909423828125,0.004967408342088264379399209502707890351302921772003173828125
0.004983110182447398998906162859157120692543685436248779296875,0.005044115153619970100262737133789414656348526477813720703125,0.0050902406095906065075507029860091279260814189910888671875,0.004986143773273343966778714531074001570232212543487548828125
0.005034083069215141391372636547885122126899659633636474609375,0.00509108904085663581395859722533714375458657741546630859375,0.004895003513008401585526740973364212550222873687744140625,0.0050682475997977961823526271700757206417620182037353515625
0.004873089571841376053951133684449814609251916408538818359375,0.005013213747012108291445375840567066916264593601226806640625,0.00483829362805475449160752532407059334218502044677734375,0.005098717146121874155273445694547262974083423614501953125
0.00502145220546128256966511571590672247111797332763671875,0.004834938427461589992295554196743978536687791347503662109375,0.005016345073951325277128443502761001582257449626922607421875,0.004988256238246048697437817764921419438906013965606689453125
0.004874208105071033136912461714018718339502811431884765625,0.005170431632409744869549594881164011894725263118743896484375,0.0049392118499013044907730574095694464631378650665283203125,0.005021751179466199359324729556419697473756968975067138671875
0.004995403276182534997584827607397528481669723987579345703125,0.004896938712951131277006933117945663980208337306976318359375,0.004936670877565915542539709548464088584296405315399169921875,0.005118690237928776032294564402036485262215137481689453125
0.004926520798372837663114953699050602153874933719635009765625,0.0049817361450507115228081289615147397853434085845947265625,0.0049902976307325368210410232450158218853175640106201171875,0.00503363855049411730580022350522995111532509326934814453125
0.004900775006324138705071646882061031647026538848876953125,0.004937806453198472118881756642849722993560135364532470703125,0.00508689698860123433454827335253867204301059246063232421875,0.00508277398058511013789750876412654179148375988006591796875
0.00497596693260022281124488330306121497415006160736083984375,0.005130321954022638852865867420405265875160694122314453125,0.00516620962496703271804587842552791698835790157318115234375,0.004834237513176181146035137459193720133043825626373291015625
0.00510855026517876599501111201107050874270498752593994140625,0.00496711591477350111745181493461132049560546875,0.005230938205922320942409253774485478061251342296600341796875,0.005046108378462595134283930065066670067608356475830078125
0.00504618740584593383768918783971457742154598236083984375,0.00495269138481021532760539827222601161338388919830322265625,0.00514812179012596494998010854260428459383547306060791015625,0.00500117517720878763942682354581847903318703174591064453125
0.005125903771993741732393434773484841571189463138580322265625,0.005064402597308868998748909717733113211579620838165283203125,0.00498011971121633569004050201556310639716684818267822265625,0.005117266212518618677396187166550589608959853649139404296875
0.0049528780403983695135305964640792808495461940765380859375,0.00502236847241679766618016600432383711449801921844482421875,0.0048845483689889113154691813178942538797855377197265625,0.00497621930142183761802687769204567302949726581573486328125
0.00495139879897172306699726362921865074895322322845458984375,0.00495562597168106890033190126132467412389814853668212890625,0.005034794219562633253717276460292850970290601253509521484375,0.005027889827982229449532258769295367528684437274932861328125
0.005164840741337143985301150195255104335956275463104248046875,0.00516519754386149561320440426470668171532452106475830078125,0.004934728491682649660632353771916314144618809223175048828125,0.004949175060470093444331407539493739022873342037200927734375
0.005283913974625292254982955597597538144327700138092041015625,0.005033962078886456727178089209928657510317862033843994140625,0.005049867651501936151314797740496942424215376377105712890625,0.005325375522758318651284081823860105942003428936004638671875
0.004854808916587315982538175518357093096710741519927978515625,0.0049166188063063977209399268986089737154543399810791015625,0.00491766214427667193442861304220059537328779697418212890625,0.00504023808629915255619113878537973505444824695587158203125
0.00498631724139519082183991116608012816868722438812255859375,0.00490830543869900937092864978694706223905086517333984375,0.005132838326254844131535381990261157625354826450347900390625,0.004932671259088464675579555063222869648598134517669677734375
0.004990046230069087630776270003707395517267286777496337890625,0.004930486810735779275305379343308231909759342670440673828125,0.005163487750569270388900644519480920280329883098602294921875,0.004923037502382772434561530872088042087852954864501953125
0.004922971464186726327227905386507700313813984394073486328125,0.005066876217003216283096822536435865913517773151397705078125,0.005045021234817682019568874096648869453929364681243896484375,0.0051444519675236145828112199751558364368975162506103515625
0.004978040071465566519803847000957830459810793399810791015625,0.004959428380831221692959243085851994692347943782806396484375,0.005029353543643554948217033739865655661560595035552978515625,0.005054965903461675937047292705983636551536619663238525390625
0.00495749933221090177681844579637981951236724853515625,0.00501637648167048248726285208931585657410323619842529296875,0.004977457797355304414121945910665090195834636688232421875,0.0050015568119754737208548789340056828223168849945068359375
0.004889318781927352863814206784809357486665248870849609375,0.005061098879550006597594080659519022447057068347930908203125,0.004920718117693601532935954168124226271174848079681396484375,0.00495144947823984715729039862708305008709430694580078125
0.005002892068975401014541137811875159968622028827667236328125,0.005038026958638163778358975974924760521389544010162353515625,0.00495234296019162779922684336497695767320692539215087890625,0.00495639457402595635937547768889999133534729480743408203125
0.00492944278679537627174678249275530106388032436370849609375,0.004954792732778643717106437094344073557294905185699462890625,0.004965461449674898018746826977576347417198121547698974609375,0.00502213965461923740607463884089156636036932468414306640625
0.005194674025953288816481734357921595801599323749542236328125,0.00484323718602101306596185992248138063587248325347900390625,0.00493752321256851582631508534859676728956401348114013671875,0.005021542710142576186604923549339218880049884319305419921875
0.004941191506934397396910707556116904015652835369110107421875,0.00482787282499161536641896219634872977621853351593017578125,0.004995323401712729351198394311950323753990232944488525390625,0.004951631297690020812318767440274314139969646930694580078125
0.005014342828481573033361229363435995765030384063720703125,0.00505429844136755235251001749929855577647686004638671875,0.004976755372099597903023937561783895944245159626007080078125,0.00500730264700055376081433422541522304527461528778076171875
0.005105912094668585247958514372612626175396144390106201171875,0.00509163766086978726577161324939879705198109149932861328125,0.0051439431445241372287124903550648014061152935028076171875,0.0048865338534645752499585569239570759236812591552734375
0.0051179005682984619884923205290760961361229419708251953125,0.00513351148444214817889719171262186137028038501739501953125,0.004981794130000828137172508291996564366854727268218994140625,0.005158325925510930977380130713072503567673265933990478515625
0.004935238616163558321436877207588622695766389369964599609375,0.004885950252693596097819384027616251842118799686431884765625,0.004960870609422248812825362307421528385020792484283447265625,0.0050358603295276409272940298933463054709136486053466796875
0.005286903267366729365639432813850362435914576053619384765625,0.005376470158030721702147047835751436650753021240234375,0.005036485907912523207752286680261022411286830902099609375,0.00501903363319458444002929553562353248707950115203857421875
0.00492124414302906598717157748978934250771999359130859375,0.004976917005544913459591516158297963556833565235137939453125,0.00516401112522314569008852203069181996397674083709716796875,0.004859777840122572224734742718510460690595209598541259765625
0.00484953236701575474132397403081995435059070587158203125,0.004991345902526013456057540906840586103498935699462890625,0.005049986680404283494183470537564062396995723247528076171875,0.005154708933273059560942197521171692642383277416229248046875
0.005281528757213361201239276709884506999514997005462646484375,0.004942218696012281621554596000578385428525507450103759765625,0.00498035257564009847808250697198673151433467864990234375,0.00505135651071565196235102490618373849429190158843994140625
0.004819630029751065421195210802807196159847080707550048828125,0.00505842935220162347176309225460499874316155910491943359375,0.005110474167929870796533986521126280422322452068328857421875,0.005031921548420238872456611289862848934717476367950439453125
0.005056688134932545326816200059738548588939011096954345703125,0.005032421964664946477385765177814391790889203548431396484375,0.005261326629348485849069216868656440055929124355316162109375,0.004891900892362193060958208690180981648154556751251220703125
0.004852655429925487561015895465743597014807164669036865234375,0.004767493790711293567829986983497292385436594486236572265625,0.004922881313923453683312203565947129391133785247802734375,0.00501408540672815435101927761252227355726063251495361328125
0.005090387626172857525597148509177714004181325435638427734375,0.004937203971821451688184456685348777682520449161529541015625,0.00501990615738478161700353297192123136483132839202880859375,0.005077947155778189149144541403302355320192873477935791015625
0.00496880544788258320110241328393385629169642925262451171875,0.004922750181999952477640558612392851500771939754486083984375,0.0049868952129319930877127120538716553710401058197021484375,0.00478529357534258729944820487389733898453414440155029296875
0.00476668348014796204592524730969671509228646755218505859375,0.00496811157421143956280928932756069116294384002685546875,0.00498812479537721377431669367297217831946909427642822265625,0.004960379011706878525644892619084203033708035945892333984375
0.00482702706899877480306582100411105784587562084197998046875,0.004894018226522818711121676216180276242084801197052001953125,0.004740018680596030410667740540020531625486910343170166015625,0.0050469593041161109336911749778664670884609222412109375
0.00480985904133599852239289162980639957822859287261962890625,0.00490305926992952965937089260251013911329209804534912109375,0.00495597772318822661630211001693169237114489078521728515625,0.004812744506440384296974688282944043749012053012847900390625
0.005050328537873079171038881440836121328175067901611328125,0.004962930293291094481500369539617167902179062366485595703125,0.004925669574740392138434419422310384106822311878204345703125,0.004989112481616978476972601441730148508213460445404052734375
0.00478481007952730706678234895434798090718686580657958984375,0.004981091237788871917135935518672340549528598785400390625,0.004696936231619131506265230058261295198462903499603271484375,0.00491341711714694297230554553834735997952520847320556640625
0.004993505029794111267638090367881886777468025684356689453125,0.005063209612139123183549571649564313702285289764404296875,0.0048474490662574198918122192480950616300106048583984375,0.00494682017139022774110390656687741284258663654327392578125
0.004772996335735802710120712077923599281348288059234619140625,0.00468157866523848283091258082322383415885269641876220703125,0.004890000391912729081622668303452883264981210231781005859375,0.004957418477345360181829381218676644493825733661651611328125
0.0049941164476511833159033670881399302743375301361083984375,0.004910309688629967139750220894711674191057682037353515625,0.004749412468868023130819100430244361632503569126129150390625,0.004930556991235735854461896821021582582034170627593994140625
0.0049614411937219937698273497517220675945281982421875,0.004994173882378701544160204406352931982837617397308349609375,0.004952950974513869140947175395695012412033975124359130859375,0.004918205355845152969285205557525841868482530117034912109375
0.004933970154824027058715341098604767466895282268524169921875,0.00496095784727672468872317068644406390376389026641845703125,0.004893560216116547324782803940479425364173948764801025390625,0.0048490841867027921485711061677648103795945644378662109375
0.004764882835047951591123105430369832902215421199798583984375,0.00495989047872909434577781695452358690090477466583251953125,0.004839594984252955194026224461367746698670089244842529296875,0.00487246672314972477380035087435317109338939189910888671875
0.004947952237976098281702075354360204073600471019744873046875,0.00498474966913760482445372446136389044113457202911376953125,0.005102498876635976933491267715226058498956263065338134765625,0.004936032626681060263285072409189524478279054164886474609375
0.00499246006592184675410006633455850533209741115570068359375,0.00490328821078350567119752412281741271726787090301513671875,0.004965708248380120391762826415060771978460252285003662109375,0.00485887398866206854375349166730302385985851287841796875
0.004895366759285968254189480575178095023147761821746826171875,0.00481718052526967054072226659400257631205022335052490234375,0.00505465695931966822740388778356646071188151836395263671875,0.0048675282481056812711184278441578499041497707366943359375
0.004766047185920707467132739765247606555931270122528076171875,0.004782191759104632323984507280556499608792364597320556640625,0.004888300315846631771687924583602580241858959197998046875,0.00480963818049296408518866741133024333976209163665771484375
0.0047754231214295513041623308936323155649006366729736328125,0.004953314901686502701172454266043132520280778408050537109375,0.004994716585861642792198988871632536756806075572967529296875,0.00488688918149644997701575022119868663139641284942626953125
0.00480203019708788127195564499061219976283609867095947265625,0.0049248931157374505052093383028477546758949756622314453125,0.004995537608723892020190504581478307954967021942138671875,0.005147656940859518352737733692947585950605571269989013671875
0.00471530902949461420969878844289269181899726390838623046875,0.004793796707205034458854076007128242054022848606109619140625,0.004792859862728734814119047058511569048278033733367919921875,0.0048344847392635566241114730701156076975166797637939453125
0.004736258949651027221061649896682865801267325878143310546875,0.0050226903716296712743005770107629359699785709381103515625,0.005084604621506341563808017980363729293458163738250732421875,0.004883857201238242344565332331285389955155551433563232421875
0.004981161594211636935158882266705404617823660373687744140625,0.005018019252220525146246377090619716909714043140411376953125,0.00477749931830299782997695245967406663112342357635498046875,0.004753987909531244039629260811352651217021048069000244140625
0.00485386224698156239221180641152386670000851154327392578125,0.004936570551847635664188818083175647188909351825714111328125,0.004949047497288700490913893048627869575284421443939208984375,0.004882921761761384142619402126683780807070434093475341796875
0.00495361912220187473876453765342375845648348331451416015625,0.004874267908781974856236018922572839073836803436279296875,0.00471770049355916577804581635291469865478575229644775390625,0.004844739949200058647116318155667613609693944454193115234375
0.004981842293825755607628025245503522455692291259765625,0.005080862241143460460157665892211298341862857341766357421875,0.005077562954981906795381974006886593997478485107421875,0.004966258483307491554403778621917808777652680873870849609375
0.004794052561652657577784264475440068054012954235076904296875,0.0048436989497614678368275775710571906529366970062255859375,0.005009371847331402401171107641175694880075752735137939453125,0.004814251418296020511300437050294931395910680294036865234375
0.0048714039187137854469700215531702269800007343292236328125,0.004755274308740102366666047117860216530971229076385498046875,0.00513538631970551599781327212213000166229903697967529296875,0.004833936526018086342337820582315544015727937221527099609375
0.005002468015246890921388089878973914892412722110748291015625,0.0049907444813461314392366574566040071658790111541748046875,0.004762235275929970791664036511292579234577715396881103515625,0.00495909033785214836687060824260697700083255767822265625
0.004894618676400099878398552988301162258721888065338134765625,0.004963054938728561626959390196134336292743682861328125,0.0049817782090997679567134781564163859002292156219482421875,0.004917876177361476912330839894593736971728503704071044921875
0.004870773781218288960015438959771927329711616039276123046875,0.00480720401024739389661544208820487256161868572235107421875,0.004924773756129200395770251219573765411041676998138427734375,0.00480302871308857515231238721753470599651336669921875
0.00484400740933386975139995911376900039613246917724609375,0.0049883054405972897249466058156031067483127117156982421875,0.0049093378449045765865577095610206015408039093017578125,0.004787438948920057744940148580781169584952294826507568359375
0.00472999781349451621503821030501057975925505161285400390625,0.0049654710273483067262123569207687978632748126983642578125,0.0049287917075615493567308789124581380747258663177490234375,0.004901740817240742009719411953483358956873416900634765625
0.0047740253504739323109351545326717314310371875762939453125,0.004665948099221577625994594740177490166388452053070068359375,0.004867769342681624485102975796735336189158260822296142578125,0.004990889256249838278056696339035624987445771694183349609375
0.00472512063064275088242194300391929573379456996917724609375,0.00495217419293958460713156455312855541706085205078125,0.004751445376357284720858498161533134407363831996917724609375,0.00492808561272907626193973129602454719133675098419189453125
0.004862002657637621259867355405503985821269452571868896484375,0.0047725123707821580365529001710456213913857936859130859375,0.00500738027319193486353032795932449516840279102325439453125,0.004811359078048061364840659592800875543616712093353271484375
0.0047465368610369040869301215934683568775653839111328125,0.004781663965388346752838355513404167140834033489227294921875,0.005065115530193111011147966138423726079054176807403564453125,0.005025540906321061818129436460367287509143352508544921875
0.004888308103412549419919397308831321424804627895355224609375,0.0048074015379286315352569403103188960812985897064208984375,0.004789787825675066723629669240835937671363353729248046875,0.00485169704450681173180104366338127874769270420074462890625
0.004926682664306728486047770587674676789902150630950927734375,0.004796229254955759573053608590953444945625960826873779296875,0.005026812531037671595568472326931441784836351871490478515625,0.004930148072319165929167095185903235687874257564544677734375
0.004969533875240176278020864941709078266285359859466552734375,0.0047997133495167078331977705829558544792234897613525390625,0.00474292999664138910376198765561639447696506977081298828125,0.004814678790821701713509295217363614938221871852874755859375
0.00480753783101449914949565567212630412541329860687255859375,0.00468563645606999597259534340309983235783874988555908203125,0.004932909593712204478210825442374698468483984470367431640625,0.0048267808695198304025364421931953984312713146209716796875
0.004826451301433980038690929603717449936084449291229248046875,0.004865430855423955210092845646840942208655178546905517578125,0.004851846363130784926809280221959852497093379497528076171875,0.004948238791607274290884621592567782499827444553375244140625
0.004773000403227885442281053229862664011307060718536376953125,0.0048020510758078720214836465629559825174510478973388671875,0.004962018900896353508500613571641224552877247333526611328125,0.005055105962834476052147891778076882474124431610107421875
0.005052096475861997219858334773334718192927539348602294921875,0.004883510122177177857627494717007721192203462123870849609375,0.004814024295574044487455722673985292203724384307861328125,0.004909917972028749778845568840779378660954535007476806640625
0.00507099433706888376438559618009094265289604663848876953125,0.00491292282329289058118160227195403422228991985321044921875,0.004750483105110896338285630946529636275954544544219970703125,0.00481095647014384737716330420198573847301304340362548828125
0.0049243758846124752182049633120186626911163330078125,0.00480828128862824388800589758830028586089611053466796875,0.00497485740036805561270494280279308441095054149627685546875,0.00491747339641868293214077567654385347850620746612548828125
0.0049362951731447834990973433377803303301334381103515625,0.00489879254096893708425586311250299331732094287872314453125,0.0050016162046473862379247776743795839138329029083251953125,0.004909591611913858601179416751847384148277342319488525390625
0.004770894263555577018143250001003252691589295864105224609375,0.0050157002966146370381839147967184544540941715240478515625,0.00484103536398771024107379190581923467107117176055908203125,0.005051902361596564798584818589688438805751502513885498046875
0.00487210014747608242957621627056141733191907405853271484375,0.005034881878501876011078319805847058887593448162078857421875,0.005050044329599650584639025652222699136473238468170166015625,0.004952373233576831852709165815440428559668362140655517578125
0.00490265844977513971791882596562572871334850788116455078125,0.004830458666754145098665151891736968536861240863800048828125,0.0049862987038714855214660559568073949776589870452880859375,0.00474337152012924319344211454563264851458370685577392578125
0.004965436898800130831321819613322077202610671520233154296875,0.005035881355126384760489965941587797715328633785247802734375,0.004869502565168816639318283279180832323618233203887939453125,0.0049071700394390342647721325874954345636069774627685546875
0.004773391972701710068982539070248094503767788410186767578125,0.004869078900040524522652152228374689002521336078643798828125,0.00481226651161002771939223521258099935948848724365234375,0.004700746152948252591652344989370249095372855663299560546875
0.00466190543101666944603156395032783620990812778472900390625,0.00461172335351956418081353916704756557010114192962646484375,0.004864957014441092901513297164228788460604846477508544921875,0.00464493616526348400419532680416523362509906291961669921875
0.004708196627053359319126091264706701622344553470611572265625,0.004840185633532896603004047619833727367222309112548828125,0.0048776872116277660007543914844063692726194858551025390625,0.00464756652246001676631603771738809882663190364837646484375
0.004832981959578964113732890695018795668147504329681396484375,0.00468762905872500447446160620756927528418600559234619140625,0.0047169451720860573751270550246772472746670246124267578125,0.004619737404548859317776621224993505165912210941314697265625
0.004847646264885038976111264474866402451880276203155517578125,0.00459501158289229473530301817163490341044962406158447265625,0.004879931401191538002659608963540449622087180614471435546875,0.0048583070035418569887486484049077262170612812042236328125
0.004771920081239761253499853665971386362798511981964111328125,0.0047676421645136864146952149212665972299873828887939453125,0.0048699576465534889779807059539962210692465305328369140625,0.0047227662600126986414128538172008120454847812652587890625
0.004555178260502906577300574753053297172300517559051513671875,0.00472807073193556338941423433652744279243052005767822265625,0.0048738013708977713511760754272472695447504520416259765625,0.004866743786582893201153598994324056548066437244415283203125
0.00466248651273781268555840284761870861984789371490478515625,0.004618610891892866408825479851429918198846280574798583984375,0.004820426496086425462161972887997762882150709629058837890625,0.004816344752730956739472656380485204863362014293670654296875
0.004486375049901057156243044943266795598901808261871337890625,0.00484051294603513558578722353331613703630864620208740234375,0.004796473819689561768342400682740844786167144775390625,0.0046782528008007563669057304878151626326143741607666015625
0.004720951679628041484926281867728903307579457759857177734375,0.0048714295962890598323813406977933482266962528228759765625,0.00474543063075499350900177120138323516584932804107666015625,0.004883497348538036637866088796045005437918007373809814453125
0.004725422742923277540094684212590436800383031368255615234375,0.00466855175834445836058339551755125285126268863677978515625,0.00457173556322097544846183581057630362920463085174560546875,0.004672878845959617562233479048927620169706642627716064453125
0.004674677304905485754338290149689782992936670780181884765625,0.0046715310654412874058483140515818377025425434112548828125,0.0047763064821822014127672417771464097313582897186279296875,0.00467931996399205407666244127540267072618007659912109375
0.004646562872634730882726028511342519777826964855194091796875,0.00458655076230973964002135545570126851089298725128173828125,0.004613846426190744594297843406138781574554741382598876953125,0.0045863366749273291878008507183039910160005092620849609375
0.004718560842337114237532436078481623553670942783355712890625,0.004856050507787776880641583687747697695158421993255615234375,0.004599186195862122426836204880373770720325410366058349609375,0.004631217987106801652064103080874701845459640026092529296875
0.00481879598071396388070386507251896546222269535064697265625,0.004493340540254245167595126275728034670464694499969482421875,0.0046344260962891403732299977491493336856365203857421875,0.004691578960285135331542694103745816391892731189727783203125
0.00461174957254918173321645014084424474276602268218994140625,0.004586306606598430403443078517966569052077829837799072265625,0.004755481728983696095014455096361416508443653583526611328125,0.00475499320062729678715296444124760455451905727386474609375
0.004763988779970585764333979028606336214579641819000244140625,0.0046237490914078603621018004332654527388513088226318359375,0.004629761005104240413621230487706270650960505008697509765625,0.0045814269579886983396743715957200038246810436248779296875
0.004607876776803930540804543625199585221707820892333984375,0.004610182753368648710112776001324164099059998989105224609375,0.00473624277194207958519012180431673186831176280975341796875,0.00486058755620523245954966995441282051615417003631591796875
0.004648253374914495909819844854382608900777995586395263671875,0.00480494724795689671925646990757741150446236133575439453125,0.004618299907405470396126734300423777312971651554107666015625,0.0048449751414802177951202111216844059526920318603515625
0.004650014386407534498768523434364396962337195873260498046875,0.00473181382428861617428506036731050699017941951751708984375,0.004857464574576934347727164009711486869491636753082275390625,0.00458476675001290127908770699605156551115214824676513671875
0.004620212559934948511053409703208671999163925647735595703125,0.00482466653542193250892022859943608636967837810516357421875,0.004874272794829406958705408925425217603333294391632080078125,0.0046813993154941023477899619820163934491574764251708984375
0.004643202251133704029639748256386155844666063785552978515625,0.0047278871900095220670579010402434505522251129150390625,0.0046233825641498506320292705140673206187784671783447265625,0.004756119748789447605752389591771134291775524616241455078125
0.004765558843443756277535872101225322694517672061920166015625,0.00467636681164911201247225136512497556395828723907470703125,0.004623058918247400193857199468538965447805821895599365234375,0.00463384586507187799797602423268472193740308284759521484375
0.004695781185255198768302431489018999855034053325653076171875,0.004756872665290450864772342498554280609823763370513916015625,0.004697101463303192218912140987185921403579413890838623046875,0.004600315774461831257180488563562903436832129955291748046875
0.0047286856316616464324109614381086430512368679046630859375,0.004572863510276137244403571457951329648494720458984375,0.004699434653829937837132835198872271575964987277984619140625,0.0047537260980464075832419013067919877357780933380126953125
0.00464893279128010365741641152226293343119323253631591796875,0.004803064262413044537003425915600018925033509731292724609375,0.0046906272160053517905620168448876938782632350921630859375,0.00462316576348666651019581053105866885744035243988037109375
0.00475200483341846335871849760223994962871074676513671875,0.004539272771774437338632157690199164790101349353790283203125,0.004559817402095301362707768788595785736106336116790771484375,0.004805560267005020043395990825274566304869949817657470703125
0.004637205283591380559904404634607999469153583049774169921875,0.004819852099718642535197687948311795480549335479736328125,0.00464847171313535756365098450260120443999767303466796875,0.004728544137470526605160348054823771235533058643341064453125
0.004789938193833341399663350301807440700940787792205810546875,0.004765488241633252484985572294817757210694253444671630859375,0.0047182535464133923408525106424349360167980194091796875,0.004704969167267114039943098902085694135166704654693603515625
0.004740380533790574009433971269800167647190392017364501953125,0.004821503900656874154473374716189937316812574863433837890625,0.004556822727878439248383468651582006714306771755218505859375,0.0046825039285949589251689673119471990503370761871337890625
0.004578808569160180107215918354768291465006768703460693359375,0.004748341317427024442510141710727111785672605037689208984375,0.004540272779250116401417169953447228181175887584686279296875,0.004712873432281035855628825714802587754093110561370849609375
0.004817827432094163621345561665521017857827246189117431640625,0.004784341099559945471864086385949121904559433460235595703125,0.00460189689372723399751752282327288412488996982574462890625,0.004832640434925748219863184118594290339387953281402587890625
0.0048823221022572492466817806189283146522939205169677734375,0.004733621944662065074427292898917585262097418308258056640625,0.004685703565131428029177929062143448390997946262359619140625,0.0048272545317295835476389953555553802289068698883056640625
0.004802776846947957867239864526709425263106822967529296875,0.004757278807043359425410500307407346554100513458251953125,0.004783643842041819700672267146046579000540077686309814453125,0.004791295709959624178619908008158745360560715198516845703125
0.004681887121618793189126161990998298279009759426116943359375,0.004661727680886593692954900092217940255068242549896240234375,0.004926364688130745010663513738791152718476951122283935546875,0.004671109422601419682019585621901569538749754428863525390625
0.004714697355826059921302118027597316540777683258056640625,0.00470118674770390702899458545971356215886771678924560546875,0.00456669680407787402509622864954508258961141109466552734375,0.004825592327000287166949288319983679684810340404510498046875
0.0046159315518534034528119747164964792318642139434814453125,0.0046793732815177679906781804675119929015636444091796875,0.00455063487809754217694457878451430588029325008392333984375,0.0048304078918034627776467715420949389226734638214111328125
0.004734304834288871437208978676380866090767085552215576171875,0.0048309693795693074702679581378106377087533473968505859375,0.00474370537452058725624848278812351054511964321136474609375,0.00477066332264433796972458168283992563374340534210205078125
0.0045862630188898100003225266618755995295941829681396484375,0.004766655035090044435774903064384488970972597599029541015625,0.004894460690356297084824266363511924282647669315338134765625,0.004738631359206748640267026217998136417008936405181884765625
0.004714721486821148339896314638508556527085602283477783203125,0.004674837181031919752793868383378139697015285491943359375,0.0048516569586123554913559274837098200805485248565673828125,0.0046226784709007366636068780962887103669345378875732421875
0.004677297740416496742155150201369906426407396793365478515625,0.004651376197305094606360142961420933715999126434326171875,0.00455781427329934353542828517902307794429361820220947265625,0.00451239613549489666788350206161339883692562580108642578125
0.004847075385164161150097772434719445300288498401641845703125,0.004744129149662475695981012080437722033821046352386474609375,0.004815724304468573142845588819227486965246498584747314453125,0.00480040327487584773946682759060422540642321109771728515625
0.004740434273201295754807116367146591073833405971527099609375,0.00489933118462678070248461636992942658253014087677001953125,0.004685317130002878728556314769093660288490355014801025390625,0.004711144332293419785540056210493276012130081653594970703125
0.004910943263995136594257662210338821751065552234649658203125,0.004527338732865814584227504013824727735482156276702880859375,0.005016455969689075089501528736946056596934795379638671875,0.004720939675139233966671969966455435496754944324493408203125
0.004668133202696485122007441503910740721039474010467529296875,0.00474851609882767471126907565803776378743350505828857421875,0.00482664809902983056588698929090242017991840839385986328125,0.004690902352986663602363304192977011553011834621429443359375
0.004596882130516490895522085935454015270806849002838134765625,0.004481283721452172276455971910991138429380953311920166015625,0.004551592484632111489106787161063039093278348445892333984375,0.004847308684041166416955892515261439257301390171051025390625
0.00466759129396225429242672788632262381725013256072998046875,0.0047517261687089439037290361511622904799878597259521484375,0.004598845727505838400228643791933791362680494785308837890625,0.00465160210198347322252399038688963628374040126800537109375
0.00459913508591284526938469667811659746803343296051025390625,0.004750026619755326993954636094485977082513272762298583984375,0.00470396318331485659147706002158884075470268726348876953125,0.004681845930447283039843586749384485301561653614044189453125
0.004694948210510582926879852294632655684836208820343017578125,0.0047605892485355107146549613617025897838175296783447265625,0.0047978540727356307205031527018945780582726001739501953125,0.00457677945010079127718949365544176544062793254852294921875
0.00470303656045277691799544328432602924294769763946533203125,0.004768601130930083531467289503780193626880645751953125,0.00475341523527665794912611119116263580508530139923095703125,0.00463109998584079231298549217399340705014765262603759765625
0.004862201514739435126433164668924291618168354034423828125,0.00469102996268996354223279610096142278052866458892822265625,0.004822965578998180367908954480071770376525819301605224609375,0.00463283364804792201219196812189693446271121501922607421875
0.005054463191770218986886842316152979037724435329437255859375,0.005019798897459762550277151404998221551068127155303955078125,0.0049881552436302108166632507391113904304802417755126953125,0.005009611785556270825703339966139537864364683628082275390625