0.0068528619594871997833251953125,0.01077124662697315216064453125,0.01037968508899211883544921875,0.01137505285441875457763671875,0.011516350321471691131591796875,0.01145671308040618896484375,0.010750937275588512420654296875,0.00944047980010509490966796875,0.0098628289997577667236328125,0.00947408191859722137451171875,0.007608315907418727874755859375,0.0073626781813800334930419921875,0.009904124774038791656494140625,0.00868566520512104034423828125
0.01087473891675472259521484375,0.0112332217395305633544921875,0.009412220679223537445068359375,0.009742585010826587677001953125,0.00963840447366237640380859375,0.010984041728079319000244140625,0.007741726003587245941162109375,0.0096926353871822357177734375,0.0097613595426082611083984375,0.00921179354190826416015625,0.00802910141646862030029296875,0.0073776771314442157745361328125,0.0102236308157444000244140625,0.011044965125620365142822265625
0.010388481430709362030029296875,0.008582255803048610687255859375,0.00814749859273433685302734375,0.008764843456447124481201171875,0.00943804718554019927978515625,0.01105174235999584197998046875,0.01104027591645717620849609375,0.010718750767409801483154296875,0.011671333573758602142333984375,0.00961196608841419219970703125,0.008325162343680858612060546875,0.0099425129592418670654296875,0.0103706605732440948486328125,0.012101124040782451629638671875
0.010807645507156848907470703125,0.00994821824133396148681640625,0.010609881021082401275634765625,0.01000924408435821533203125,0.00896943919360637664794921875,0.00851850025355815887451171875,0.0091687701642513275146484375,0.008934273384511470794677734375,0.012515212409198284149169921875,0.0118441320955753326416015625,0.01082490384578704833984375,0.007606116123497486114501953125,0.009926232509315013885498046875,0.010199475102126598358154296875
0.012449934147298336029052734375,0.011890488676726818084716796875,0.012503446079790592193603515625,0.009745367802679538726806640625,0.0095248110592365264892578125,0.009819286875426769256591796875,0.009152100421488285064697265625,0.008065664209425449371337890625,0.0101402699947357177734375,0.011041047982871532440185546875,0.011183592490851879119873046875,0.011002372018992900848388671875,0.010371622629463672637939453125,0.011359907686710357666015625
0.009637531824409961700439453125,0.00836707465350627899169921875,0.011570773087441921234130859375,0.012221713550388813018798828125,0.0074268095195293426513671875,0.0093235485255718231201171875,0.008337873034179210662841796875,0.008717269636690616607666015625,0.01081182062625885009765625,0.010165964253246784210205078125,0.0086264573037624359130859375,0.00994055904448032379150390625,0.011983101256191730499267578125,0.009890151210129261016845703125
0.010840942151844501495361328125,0.009015516377985477447509765625,0.01167051680386066436767578125,0.012114179320633411407470703125,0.010491953231394290924072265625,0.0097604356706142425537109375,0.010945633985102176666259765625,0.011003310792148113250732421875,0.0083488933742046356201171875,0.0114053823053836822509765625,0.011257256381213665008544921875,0.008664605207741260528564453125,0.0085533149540424346923828125,0.009296569041907787322998046875
0.008079946041107177734375,0.009316854178905487060546875,0.008560159243643283843994140625,0.01040487177670001983642578125,0.01058300770819187164306640625,0.00826787389814853668212890625,0.010350444354116916656494140625,0.01158316619694232940673828125,0.009140486828982830047607421875,0.01120196096599102020263671875,0.007429379038512706756591796875,0.009663666598498821258544921875,0.010686251334846019744873046875,0.00979674048721790313720703125
0.00934717617928981781005859375,0.0073520303703844547271728515625,0.009476830251514911651611328125,0.009492988698184490203857421875,0.01057979650795459747314453125,0.00862286984920501708984375,0.009354731999337673187255859375,0.009710376150906085968017578125,0.008605319075286388397216796875,0.0115731395781040191650390625,0.00980466790497303009033203125,0.01052705012261867523193359375,0.0075864405371248722076416015625,0.01137377321720123291015625
0.01118549145758152008056640625,0.010290830396115779876708984375,0.013498491607606410980224609375,0.0113923437893390655517578125,0.011154084466397762298583984375,0.008770621381700038909912109375,0.01152283884584903717041015625,0.008087151683866977691650390625,0.0121579952538013458251953125,0.011822842061519622802734375,0.008715181611478328704833984375,0.00926958024501800537109375,0.01222782023251056671142578125,0.0096047557890415191650390625
0.0095682851970195770263671875,0.01002083905041217803955078125,0.012039479799568653106689453125,0.011947892606258392333984375,0.011423106305301189422607421875,0.0100207440555095672607421875,0.011105773039162158966064453125,0.009423218667507171630859375,0.0072405636310577392578125,0.012555621564388275146484375,0.010888275690376758575439453125,0.00951228104531764984130859375,0.00992286019027233123779296875,0.010025314055383205413818359375
0.008486253209412097930908203125,0.00819714181125164031982421875,0.010496088303625583648681640625,0.0094280205667018890380859375,0.0082272849977016448974609375,0.01048338972032070159912109375,0.010050187818706035614013671875,0.01086332090198993682861328125,0.0088860653340816497802734375,0.00858555547893047332763671875,0.01102598197758197784423828125,0.011002722196280956268310546875,0.011583930812776088714599609375,0.008796413429081439971923828125
0.0092797912657260894775390625,0.00800603069365024566650390625,0.010854114778339862823486328125,0.010748104192316532135009765625,0.012773341499269008636474609375,0.010095410980284214019775390625,0.00859747268259525299072265625,0.00952276401221752166748046875,0.010672214441001415252685546875,0.010498148389160633087158203125,0.0076727834530174732208251953125,0.009039156138896942138671875,0.0110650919377803802490234375,0.010817435570061206817626953125
0.0106628872454166412353515625,0.008568183518946170806884765625,0.009673791937530040740966796875,0.0108010657131671905517578125,0.0113448835909366607666015625,0.0105988085269927978515625,0.008312047459185123443603515625,0.010432879440486431121826171875,0.007772526703774929046630859375,0.010787040926516056060791015625,0.008335030637681484222412109375,0.0114192776381969451904296875,0.013670136220753192901611328125,0.012517683207988739013671875
0.0099817626178264617919921875,0.010671424679458141326904296875,0.010174061171710491180419921875,0.008763459511101245880126953125,0.0090984143316745758056640625,0.01391798444092273712158203125,0.00958355702459812164306640625,0.009743395261466503143310546875,0.010695618577301502227783203125,0.00925206579267978668212890625,0.012904857285320758819580078125,0.00984468869864940643310546875,0.009080664254724979400634765625,0.011469309218227863311767578125
0.01067719049751758575439453125,0.010256382636725902557373046875,0.009930454194545745849609375,0.009634380228817462921142578125,0.0101063065230846405029296875,0.00892440974712371826171875,0.0102145560085773468017578125,0.009939364157617092132568359375,0.009665762074291706085205078125,0.01230511255562305450439453125,0.009714732877910137176513671875,0.008921415545046329498291015625,0.009181781671941280364990234375,0.008767523802816867828369140625
0.008574874140322208404541015625,0.011893245391547679901123046875,0.007716574706137180328369140625,0.009965450502932071685791015625,0.010441069491207599639892578125,0.0106101743876934051513671875,0.009724103845655918121337890625,0.010402983985841274261474609375,0.01036634482443332672119140625,0.010453249327838420867919921875,0.00891905836760997772216796875,0.00958750583231449127197265625,0.010412418283522129058837890625,0.011130653321743011474609375
0.01048655249178409576416015625,0.010792211629450321197509765625,0.0111584998667240142822265625,0.00990847684442996978759765625,0.00925097800791263580322265625,0.010790231637656688690185546875,0.0104403980076313018798828125,0.009731202386319637298583984375,0.010798146016895771026611328125,0.012013706378638744354248046875,0.010417458601295948028564453125,0.01032469980418682098388671875,0.008445707149803638458251953125,0.012310215272009372711181640625
0.01057857088744640350341796875,0.011889063753187656402587890625,0.010180062614381313323974609375,0.00940774939954280853271484375,0.009038376621901988983154296875,0.008178713731467723846435546875,0.00957883708178997039794921875,0.009534635581076145172119140625,0.01049893908202648162841796875,0.009931172244250774383544921875,0.01278412155807018280029296875,0.00819913111627101898193359375,0.009868263266980648040771484375,0.009582571685314178466796875
0.010435768403112888336181640625,0.010511633940041065216064453125,0.009107912890613079071044921875,0.008986451663076877593994140625,0.009607515297830104827880859375,0.0100024305284023284912109375,0.008225313387811183929443359375,0.007574744522571563720703125,0.00983302854001522064208984375,0.011758602224290370941162109375,0.010814617387950420379638671875,0.0047225556336343288421630859375,0.009968328289687633514404296875,0.01135282032191753387451171875
0.006633632816374301910400390625,0.010791562497615814208984375,0.01007608138024806976318359375,0.009475055150687694549560546875,0.0083184354007244110107421875,0.010802161879837512969970703125,0.0083353333175182342529296875,0.01082459650933742523193359375,0.012159054167568683624267578125,0.011448460631072521209716796875,0.0121418572962284088134765625,0.00982950441539287567138671875,0.01251156814396381378173828125,0.01148704998195171356201171875
0.0100787393748760223388671875,0.010360554791986942291259765625,0.012912916950881481170654296875,0.0085049904882907867431640625,0.01248945295810699462890625,0.008699492551386356353759765625,0.01089353673160076141357421875,0.012225660495460033416748046875,0.010855902917683124542236328125,0.010136176832020282745361328125,0.010983916930854320526123046875,0.011231645010411739349365234375,0.011030833236873149871826171875,0.011133334599435329437255859375
0.008977229706943035125732421875,0.011324116028845310211181640625,0.008568696677684783935546875,0.0074630496092140674591064453125,0.010007672011852264404296875,0.00957663170993328094482421875,0.011110826395452022552490234375,0.01027800142765045166015625,0.010105132125318050384521484375,0.0085135512053966522216796875,0.008414317853748798370361328125,0.01051256246864795684814453125,0.0100533105432987213134765625,0.00968970544636249542236328125
0.011160574853420257568359375,0.009889517910778522491455078125,0.008697357960045337677001953125,0.011064089834690093994140625,0.0110529623925685882568359375,0.012062124907970428466796875,0.009681596420705318450927734375,0.012193580158054828643798828125,0.010507063008844852447509765625,0.01206042431294918060302734375,0.00897237472236156463623046875,0.010007806122303009033203125,0.01052412204444408416748046875,0.009562772698700428009033203125
0.011909549124538898468017578125,0.01082526147365570068359375,0.009996608830988407135009765625,0.010566142387688159942626953125,0.010279734618961811065673828125,0.0084804035723209381103515625,0.010577674023807048797607421875,0.011340172030031681060791015625,0.00900698266923427581787109375,0.0101876072585582733154296875,0.00904954038560390472412109375,0.011082918383181095123291015625,0.010948265902698040008544921875,0.010604987852275371551513671875
0.01020987890660762786865234375,0.011086146347224712371826171875,0.007507353089749813079833984375,0.010369299910962581634521484375,0.009170559234917163848876953125,0.011676344089210033416748046875,0.010459096170961856842041015625,0.01266127638518810272216796875,0.010981001891195774078369140625,0.0094287097454071044921875,0.01042965985834598541259765625,0.0104127116501331329345703125,0.008860754780471324920654296875,0.0111264623701572418212890625
0.009285026229918003082275390625,0.007473028264939785003662109375,0.009187794290482997894287109375,0.013376605696976184844970703125,0.010763847269117832183837890625,0.00923220813274383544921875,0.011099009774625301361083984375,0.009936592541635036468505859375,0.010410125367343425750732421875,0.007076431997120380401611328125,0.01263151504099369049072265625,0.008888947777450084686279296875,0.009599757380783557891845703125,0.010059885680675506591796875
0.00780952908098697662353515625,0.00946265645325183868408203125,0.012020073831081390380859375,0.0112763233482837677001953125,0.0103833787143230438232421875,0.0115514360368251800537109375,0.010017718188464641571044921875,0.008347295224666595458984375,0.00904630124568939208984375,0.0077701541595160961151123046875,0.0106574259698390960693359375,0.008489469997584819793701171875,0.01076232828199863433837890625,0.010009645484387874603271484375
0.010397729463875293731689453125,0.0087379030883312225341796875,0.011494331061840057373046875,0.008650747127830982208251953125,0.010249997489154338836669921875,0.00863892398774623870849609375,0.009090852923691272735595703125,0.012031854130327701568603515625,0.011929333209991455078125,0.008966996334493160247802734375,0.007770982570946216583251953125,0.00915928371250629425048828125,0.010454970411956310272216796875,0.01004062592983245849609375
0.00942162238061428070068359375,0.008600055240094661712646484375,0.010973877273499965667724609375,0.010314044542610645294189453125,0.00998880900442600250244140625,0.0131477415561676025390625,0.008361139334738254547119140625,0.0108248777687549591064453125,0.0091103203594684600830078125,0.0103973709046840667724609375,0.0064231953583657741546630859375,0.008679521270096302032470703125,0.00812275148928165435791015625,0.010165437124669551849365234375
0.0073759709484875202178955078125,0.0117521584033966064453125,0.0118387006223201751708984375,0.008981338702142238616943359375,0.01358807273209095001220703125,0.011078850366175174713134765625,0.008800871670246124267578125,0.01102806814014911651611328125,0.00760813616216182708740234375,0.010727441869676113128662109375,0.01031246222555637359619140625,0.008836266584694385528564453125,0.009361325763165950775146484375,0.010999537073075771331787109375
0.012014709413051605224609375,0.00908189080655574798583984375,0.00842133350670337677001953125,0.008559768088161945343017578125,0.0072513557970523834228515625,0.012214538641273975372314453125,0.00910996459424495697021484375,0.01169735379517078399658203125,0.010934884659945964813232421875,0.009119228459894657135009765625,0.010696983896195888519287109375,0.012769118882715702056884765625,0.00748975761234760284423828125,0.01389572583138942718505859375
0.01054322905838489532470703125,0.008538841269910335540771484375,0.0076728858985006809234619140625,0.0104663372039794921875,0.0117583163082599639892578125,0.010342161171138286590576171875,0.008649595081806182861328125,0.011065590195357799530029296875,0.009381503798067569732666015625,0.007875812239944934844970703125,0.009161015041172504425048828125,0.011121382005512714385986328125,0.009554748423397541046142578125,0.00783071108162403106689453125
0.011903776787221431732177734375,0.012439091689884662628173828125,0.0114825852215290069580078125,0.00847008638083934783935546875,0.010658013634383678436279296875,0.01006487198173999786376953125,0.00945920683443546295166015625,0.010023660026490688323974609375,0.01072016917169094085693359375,0.008687515743076801300048828125,0.0123481266200542449951171875,0.010377292521297931671142578125,0.01078744046390056610107421875,0.010700565762817859649658203125
0.01270692236721515655517578125,0.009572778828442096710205078125,0.0101581029593944549560546875,0.009830168448388576507568359375,0.007874927483499050140380859375,0.012086369097232818603515625,0.009381276555359363555908203125,0.01006194762885570526123046875,0.011961308307945728302001953125,0.008978069759905338287353515625,0.009150161407887935638427734375,0.009896598756313323974609375,0.0060017486102879047393798828125,0.010762914083898067474365234375
0.0092049576342105865478515625,0.01246420107781887054443359375,0.009077240712940692901611328125,0.010488553903996944427490234375,0.010119567625224590301513671875,0.010846217162907123565673828125,0.01114131696522235870361328125,0.00763508118689060211181640625,0.012327103875577449798583984375,0.009841549210250377655029296875,0.010364252142608165740966796875,0.0124052576720714569091796875,0.01073551364243030548095703125,0.01077112369239330291748046875
0.0127833671867847442626953125,0.012423961423337459564208984375,0.01084650866687297821044921875,0.011967127211391925811767578125,0.0101543478667736053466796875,0.01007784716784954071044921875,0.009399258531630039215087890625,0.00871754251420497894287109375,0.0117865167558193206787109375,0.01106814481317996978759765625,0.008657003752887248992919921875,0.010646301321685314178466796875,0.0101745463907718658447265625,0.00892108865082263946533203125
0.008807129226624965667724609375,0.00944308750331401824951171875,0.00768613256514072418212890625,0.00856498815119266510009765625,0.0113184191286563873291015625,0.012544848024845123291015625,0.008399954997003078460693359375,0.009302248246967792510986328125,0.011460806243121623992919921875,0.011009897105395793914794921875,0.013301392085850238800048828125,0.012210463173687458038330078125,0.011957109905779361724853515625,0.0110862255096435546875
0.010308858938515186309814453125,0.0092425756156444549560546875,0.00961127318441867828369140625,0.00686020962893962860107421875,0.011032521724700927734375,0.00798864848911762237548828125,0.009540102444589138031005859375,0.0105457790195941925048828125,0.009462914429605007171630859375,0.007890275679528713226318359375,0.010193119756877422332763671875,0.009830109775066375732421875,0.010712836869060993194580078125,0.010499083437025547027587890625
0.010050444863736629486083984375,0.011904777027666568756103515625,0.008686513639986515045166015625,0.0086799077689647674560546875,0.009706887416541576385498046875,0.00877288915216922760009765625,0.011579797603189945220947265625,0.008895040489733219146728515625,0.008582242764532566070556640625,0.010308451950550079345703125,0.01135152019560337066650390625,0.009188526310026645660400390625,0.011609957553446292877197265625,0.0102361142635345458984375
0.011562206782400608062744140625,0.010172138921916484832763671875,0.010416938923299312591552734375,0.0116913430392742156982421875,0.0119330696761608123779296875,0.010562618263065814971923828125,0.0075210989452898502349853515625,0.009981534443795680999755859375,0.01044289954006671905517578125,0.010955967009067535400390625,0.008432597853243350982666015625,0.00783450342714786529541015625,0.014482998289167881011962890625,0.006864211522042751312255859375
0.00921994261443614959716796875,0.009897374548017978668212890625,0.0096836872398853302001953125,0.011137674562633037567138671875,0.0112931765615940093994140625,0.009359826333820819854736328125,0.01003252901136875152587890625,0.009004815481603145599365234375,0.01000157184898853302001953125,0.01031369902193546295166015625,0.011262881569564342498779296875,0.011281353421509265899658203125,0.011038416065275669097900390625,0.010820110328495502471923828125
0.011575429700314998626708984375,0.010501050390303134918212890625,0.008351647295057773590087890625,0.00974078662693500518798828125,0.00910286791622638702392578125,0.0104387216269969940185546875,0.00978287123143672943115234375,0.010823546908795833587646484375,0.0104068927466869354248046875,0.01133714430034160614013671875,0.00964401848614215850830078125,0.01007288508117198944091796875,0.00939865410327911376953125,0.008986678905785083770751953125
0.009437396191060543060302734375,0.009935474954545497894287109375,0.010482671670615673065185546875,0.009445366449654102325439453125,0.008687198162078857421875,0.010280714370310306549072265625,0.01158310659229755401611328125,0.009045210666954517364501953125,0.00997571460902690887451171875,0.01235621981322765350341796875,0.010518491268157958984375,0.008193842135369777679443359375,0.00977148301899433135986328125,0.0104479454457759857177734375
0.0087173916399478912353515625,0.009219343774020671844482421875,0.009017766453325748443603515625,0.010049141012132167816162109375,0.009988619945943355560302734375,0.0100523531436920166015625,0.008791266940534114837646484375,0.009362614713609218597412109375,0.01054204069077968597412109375,0.010265122167766094207763671875,0.012016884982585906982421875,0.01032477430999279022216796875,0.0113934762775897979736328125,0.008643784560263156890869140625
0.007983527146279811859130859375,0.00957403518259525299072265625,0.009330044500529766082763671875,0.0115930847823619842529296875,0.010353705845773220062255859375,0.010826748795807361602783203125,0.010550509206950664520263671875,0.0077445912174880504608154296875,0.010267318226397037506103515625,0.01042740233242511749267578125,0.00843430124223232269287109375,0.01168379373848438262939453125,0.009851318784058094024658203125,0.011750361882150173187255859375
0.012135430239140987396240234375,0.008802057243883609771728515625,0.010139203630387783050537109375,0.012027819640934467315673828125,0.0107515044510364532470703125,0.0117988549172878265380859375,0.0069652684032917022705078125,0.01022837497293949127197265625,0.0096901766955852508544921875,0.013523630797863006591796875,0.0089794062077999114990234375,0.009749860502779483795166015625,0.009787325747311115264892578125,0.010256160981953144073486328125
0.0097935386002063751220703125,0.0114703364670276641845703125,0.010700765065848827362060546875,0.0075594163499772548675537109375,0.009048159234225749969482421875,0.009624018333852291107177734375,0.01039990596473217010498046875,0.008392245508730411529541015625,0.011043283157050609588623046875,0.009340916760265827178955078125,0.009331011213362216949462890625,0.0111612416803836822509765625,0.0111019425094127655029296875,0.008716640062630176544189453125
0.010308272205293178558349609375,0.00998562760651111602783203125,0.008904509246349334716796875,0.012224351055920124053955078125,0.010179482400417327880859375,0.009207944385707378387451171875,0.01076568849384784698486328125,0.006165646947920322418212890625,0.0098400898277759552001953125,0.008003406226634979248046875,0.010460264049470424652099609375,0.00944368727505207061767578125,0.009008253924548625946044921875,0.0104868151247501373291015625
0.008404542692005634307861328125,0.009188522584736347198486328125,0.009651663713157176971435546875,0.01155188865959644317626953125,0.0087810643017292022705078125,0.01131056807935237884521484375,0.01019444875419139862060546875,0.009706697426736354827880859375,0.009944305755198001861572265625,0.010006166063249111175537109375,0.0098778046667575836181640625,0.008515548892319202423095703125,0.00933470763266086578369140625,0.011013918556272983551025390625
0.0102440603077411651611328125,0.009002168662846088409423828125,0.010280313901603221893310546875,0.0128507912158966064453125,0.0110721997916698455810546875,0.00823850370943546295166015625,0.01020118035376071929931640625,0.01006740517914295196533203125,0.010417143814265727996826171875,0.011243619956076145172119140625,0.00856571458280086517333984375,0.01087676547467708587646484375,0.01158841140568256378173828125,0.0104587264358997344970703125
0.008750982582569122314453125,0.011743982322514057159423828125,0.010458285920321941375732421875,0.012053570710122585296630859375,0.0111159980297088623046875,0.012958333827555179595947265625,0.0110929347574710845947265625,0.010044074617326259613037109375,0.010090165771543979644775390625,0.00988627411425113677978515625,0.009648262523114681243896484375,0.0094425491988658905029296875,0.00664087943732738494873046875,0.01034151948988437652587890625
0.0112801305949687957763671875,0.008378491736948490142822265625,0.00881876051425933837890625,0.011337907053530216217041015625,0.0076406518928706645965576171875,0.0113436467945575714111328125,0.012383696623146533966064453125,0.009581503458321094512939453125,0.00882318057119846343994140625,0.01146242953836917877197265625,0.011159040965139865875244140625,0.0103672482073307037353515625,0.0104139558970928192138671875,0.008657294325530529022216796875
0.006579361855983734130859375,0.010645690374076366424560546875,0.010813732631504535675048828125,0.010812223888933658599853515625,0.00986633636057376861572265625,0.01019140146672725677490234375,0.007925502024590969085693359375,0.010355931706726551055908203125,0.00971494801342487335205078125,0.010226346552371978759765625,0.0103976465761661529541015625,0.010466150939464569091796875,0.012052807025611400604248046875,0.00975186564028263092041015625
0.0112445466220378875732421875,0.01107163727283477783203125,0.00918255746364593505859375,0.009579512290656566619873046875,0.009074740111827850341796875,0.009532886557281017303466796875,0.009649409912526607513427734375,0.0087521076202392578125,0.010178291238844394683837890625,0.00795009545981884002685546875,0.009528796188533306121826171875,0.011086285114288330078125,0.011245328001677989959716796875,0.009025075472891330718994140625
0.01024573482573032379150390625,0.01011358760297298431396484375,0.011062911711633205413818359375,0.0090725608170032501220703125,0.01099584437906742095947265625,0.01013039983808994293212890625,0.00871123187243938446044921875,0.0069357934407889842987060546875,0.0083897076547145843505859375,0.0088976584374904632568359375,0.00931539945304393768310546875,0.008408715017139911651611328125,0.0111408270895481109619140625,0.009518168866634368896484375
0.00858391262590885162353515625,0.008841991424560546875,0.008606552146375179290771484375,0.011350874789059162139892578125,0.00877218879759311676025390625,0.011479102075099945068359375,0.0112678110599517822265625,0.01228850521147251129150390625,0.010410389862954616546630859375,0.008512101136147975921630859375,0.010555918328464031219482421875,0.009733970277011394500732421875,0.010289623402059078216552734375,0.009968751110136508941650390625
0.011500443331897258758544921875,0.0114296041429042816162109375,0.010649226605892181396484375,0.0115275345742702484130859375,0.01034428738057613372802734375,0.008582390844821929931640625,0.01071769930422306060791015625,0.013386416248977184295654296875,0.008522138930857181549072265625,0.011033612303435802459716796875,0.0099921338260173797607421875,0.01274651475250720977783203125,0.009362923912703990936279296875,0.00866760313510894775390625
0.011167972348630428314208984375,0.01000204868614673614501953125,0.008669507689774036407470703125,0.01146608404815196990966796875,0.009440523572266101837158203125,0.01299037225544452667236328125,0.00723205506801605224609375,0.0073280618526041507720947265625,0.01069201342761516571044921875,0.0099638216197490692138671875,0.00927898474037647247314453125,0.009212081320583820343017578125,0.0075453300960361957550048828125,0.006426312960684299468994140625
0.01058181189000606536865234375,0.008925967849791049957275390625,0.011190579272806644439697265625,0.009153512306511402130126953125,0.008856645785272121429443359375,0.0106803067028522491455078125,0.010678456164896488189697265625,0.012215933762490749359130859375,0.010916939936578273773193359375,0.00851185061037540435791015625,0.010911114513874053955078125,0.00824272632598876953125,0.0085340850055217742919921875,0.01087248139083385467529296875
0.0063106021843850612640380859375,0.009403998963534832000732421875,0.01012937910854816436767578125,0.00976484827697277069091796875,0.010275848209857940673828125,0.0098143257200717926025390625,0.0108139030635356903076171875,0.0075648450292646884918212890625,0.00980044342577457427978515625,0.009376533329486846923828125,0.0106454528868198394775390625,0.009619207121431827545166015625,0.0101315267384052276611328125,0.010631966404616832733154296875
0.00903197191655635833740234375,0.01026000641286373138427734375,0.0076719908975064754486083984375,0.01101910509169101715087890625,0.00866262428462505340576171875,0.0107761509716510772705078125,0.0090735219419002532958984375,0.01025349460542201995849609375,0.010462588630616664886474609375,0.008997698314487934112548828125,0.007720009423792362213134765625,0.011448410339653491973876953125,0.01212195865809917449951171875,0.009784184396266937255859375
0.00996419228613376617431640625,0.011125691235065460205078125,0.0121353752911090850830078125,0.0075551434420049190521240234375,0.008798025548458099365234375,0.009555536322295665740966796875,0.013143138028681278228759765625,0.0097520649433135986328125,0.01038729958236217498779296875,0.0097427554428577423095703125,0.0101110450923442840576171875,0.0066550928167998790740966796875,0.009672855027019977569580078125,0.008591321296989917755126953125
0.01107900403439998626708984375,0.01048718579113483428955078125,0.011072958819568157196044921875,0.010721915401518344879150390625,0.00874919258058071136474609375,0.01025916822254657745361328125,0.008280410431325435638427734375,0.009489931166172027587890625,0.012683935463428497314453125,0.009266010485589504241943359375,0.01046914793550968170166015625,0.008369364775717258453369140625,0.0122978799045085906982421875,0.01127905957400798797607421875
0.0078368820250034332275390625,0.013616857118904590606689453125,0.01327130012214183807373046875,0.009286274202167987823486328125,0.009062993340194225311279296875,0.0101182758808135986328125,0.008449546992778778076171875,0.010155870579183101654052734375,0.01040231995284557342529296875,0.008020429871976375579833984375,0.011586881242692470550537109375,0.011375746689736843109130859375,0.01036240160465240478515625,0.01107541285455226898193359375
0.008332221768796443939208984375,0.01002371311187744140625,0.010871581733226776123046875,0.010924105532467365264892578125,0.010261862538754940032958984375,0.0068959281779825687408447265625,0.012429979629814624786376953125,0.00839234702289104461669921875,0.009206197224557399749755859375,0.010956282727420330047607421875,0.0074288039468228816986083984375,0.009047568775713443756103515625,0.00909303687512874603271484375,0.008724427781999111175537109375
0.010196977294981479644775390625,0.009423679672181606292724609375,0.009635113179683685302734375,0.00911056436598300933837890625,0.008844691328704357147216796875,0.0103102028369903564453125,0.0105297304689884185791015625,0.00913988240063190460205078125,0.008779443800449371337890625,0.011056743562221527099609375,0.010658689774572849273681640625,0.011460167355835437774658203125,0.009962174110114574432373046875,0.00935773737728595733642578125
0.0071266372688114643096923828125,0.010206128470599651336669921875,0.0090906731784343719482421875,0.01082155667245388031005859375,0.011848901398479938507080078125,0.0102064348757266998291015625,0.011382651515305042266845703125,0.01182608120143413543701171875,0.00872057490050792694091796875,0.0109061487019062042236328125,0.00755987875163555145263671875,0.009579218924045562744140625,0.011653398163616657257080078125,0.009746552444994449615478515625
0.012011618353426456451416015625,0.00924274511635303497314453125,0.009688593447208404541015625,0.008959594182670116424560546875,0.01179413311183452606201171875,0.011194169521331787109375,0.00854982621967792510986328125,0.00988630764186382293701171875,0.007373199798166751861572265625,0.00928893871605396270751953125,0.0097232721745967864990234375,0.009264904074370861053466796875,0.010290411300957202911376953125,0.009916522540152072906494140625
0.00940029136836528778076171875,0.01061440818011760711669921875,0.0096394121646881103515625,0.007309424690902233123779296875,0.010591405443847179412841796875,0.013411053456366062164306640625,0.009824776090681552886962890625,0.0073532485403120517730712890625,0.010553312487900257110595703125,0.00896413624286651611328125,0.00907457061111927032470703125,0.009392990730702877044677734375,0.010596432723104953765869140625,0.010645595379173755645751953125
0.0075190924108028411865234375,0.01017511449754238128662109375,0.00964157842099666595458984375,0.010300775058567523956298828125,0.009597872383892536163330078125,0.01149350963532924652099609375,0.01076836884021759033203125,0.009539990685880184173583984375,0.009509216062724590301513671875,0.010626154951751232147216796875,0.010838325135409832000732421875,0.009688603691756725311279296875,0.010322238318622112274169921875,0.010426671244204044342041015625
0.009710584767162799835205078125,0.010028622113168239593505859375,0.0091270022094249725341796875,0.006880463100969791412353515625,0.010091877542436122894287109375,0.010093812830746173858642578125,0.010243107564747333526611328125,0.010559110902249813079833984375,0.0057223434560000896453857421875,0.009187760762870311737060546875,0.011192121542990207672119140625,0.009069914929568767547607421875,0.012389126233756542205810546875,0.011156022548675537109375
0.010160841979086399078369140625,0.010028150863945484161376953125,0.011498169042170047760009765625,0.009060912765562534332275390625,0.009503620676696300506591796875,0.01102755405008792877197265625,0.009299057535827159881591796875,0.010209151543676853179931640625,0.010726011358201503753662109375,0.009154628030955791473388671875,0.009863904677331447601318359375,0.011017263866961002349853515625,0.011081643402576446533203125,0.008936448954045772552490234375
0.006732509471476078033447265625,0.0103386677801609039306640625,0.008472514338791370391845703125,0.010181034915149211883544921875,0.00865939073264598846435546875,0.01195251755416393280029296875,0.010899693705141544342041015625,0.0106035768985748291015625,0.012413509190082550048828125,0.01065401732921600341796875,0.010056448169052600860595703125,0.00933820195496082305908203125,0.010335600934922695159912109375,0.009927012957632541656494140625
0.00971042923629283905029296875,0.00949908606708049774169921875,0.008251427672803401947021484375,0.010392076335847377777099609375,0.00962355546653270721435546875,0.011407521553337574005126953125,0.0089889876544475555419921875,0.010734976269304752349853515625,0.008751303888857364654541015625,0.0071114902384579181671142578125,0.009029352106153964996337890625,0.01159543357789516448974609375,0.011412152089178562164306640625,0.008323640562593936920166015625
0.008289732038974761962890625,0.009228418581187725067138671875,0.008958823047578334808349609375,0.0079690851271152496337890625,0.01122221164405345916748046875,0.0088025815784931182861328125,0.00938503444194793701171875,0.0091032721102237701416015625,0.009425557218492031097412109375,0.012288815341889858245849609375,0.0106140039861202239990234375,0.0091850273311138153076171875,0.010000665672123432159423828125,0.011566971428692340850830078125
0.0077366572804749011993408203125,0.009777198545634746551513671875,0.0067046754993498325347900390625,0.008894554339349269866943359375,0.009226496331393718719482421875,0.0090127699077129364013671875,0.009642648510634899139404296875,0.00876026414334774017333984375,0.0100013874471187591552734375,0.00768311321735382080078125,0.010772093199193477630615234375,0.011049644090235233306884765625,0.00822336785495281219482421875,0.0099118463695049285888671875
0.01046654768288135528564453125,0.009199290536344051361083984375,0.010592800565063953399658203125,0.01040246896445751190185546875,0.0116990394890308380126953125,0.0067036715336143970489501953125,0.007901654578745365142822265625,0.0091283209621906280517578125,0.008800023235380649566650390625,0.010337977670133113861083984375,0.01074208319187164306640625,0.009804726578295230865478515625,0.008943737484514713287353515625,0.00918914563953876495361328125
0.010092089883983135223388671875,0.007182982750236988067626953125,0.011135614477097988128662109375,0.012565127573907375335693359375,0.010358094237744808197021484375,0.01129023730754852294921875,0.00863287411630153656005859375,0.010235807858407497406005859375,0.01154093258082866668701171875,0.0081418789923191070556640625,0.007850403897464275360107421875,0.01025229878723621368408203125,0.0096735097467899322509765625,0.013648540712893009185791015625
0.008669161237776279449462890625,0.01062847860157489776611328125,0.012666624970734119415283203125,0.00812174379825592041015625,0.007466693408787250518798828125,0.010424991138279438018798828125,0.01033918000757694244384765625,0.008401256985962390899658203125,0.008720405399799346923828125,0.010667853988707065582275390625,0.012937509454786777496337890625,0.011631409637629985809326171875,0.0094303898513317108154296875,0.012141470797359943389892578125
0.009674656204879283905029296875,0.0077697713859379291534423828125,0.0088891647756099700927734375,0.01044334284961223602294921875,0.01120442338287830352783203125,0.010101578198373317718505859375,0.010467910207808017730712890625,0.00997226499021053314208984375,0.01184181310236454010009765625,0.010269519872963428497314453125,0.00954533182084560394287109375,0.01065097562968730926513671875,0.008507802151143550872802734375,0.010583780705928802490234375
0.009998490102589130401611328125,0.009586505591869354248046875,0.0075954454950988292694091796875,0.011386762373149394989013671875,0.01097544841468334197998046875,0.010889577679336071014404296875,0.00808397121727466583251953125,0.01042376458644866943359375,0.010307119227945804595947265625,0.01223050057888031005859375,0.010330977849662303924560546875,0.010083527304232120513916015625,0.010290804319083690643310546875,0.01121604256331920623779296875
0.00834731198847293853759765625,0.012367543764412403106689453125,0.01098476164042949676513671875,0.011018094606697559356689453125,0.010472162626683712005615234375,0.009786016307771205902099609375,0.0093171596527099609375,0.0077840131707489490509033203125,0.00990316458046436309814453125,0.008785138837993144989013671875,0.01034335978329181671142578125,0.010303744114935398101806640625,0.009144860319793224334716796875,0.008218535222113132476806640625
0.008014972321689128875732421875,0.00789350084960460662841796875,0.008612963370978832244873046875,0.00855121202766895294189453125,0.00877110473811626434326171875,0.01090562902390956878662109375,0.01171376742422580718994140625,0.012487950734794139862060546875,0.01150573976337909698486328125,0.009726881049573421478271484375,0.0111394338309764862060546875,0.012224736623466014862060546875,0.008911453187465667724609375,0.0109688825905323028564453125
0.012819782830774784088134765625,0.0096677206456661224365234375,0.009349830448627471923828125,0.009876628406345844268798828125,0.01212337799370288848876953125,0.010424406267702579498291015625,0.010729558765888214111328125,0.008723445236682891845703125,0.009797939099371433258056640625,0.010398021899163722991943359375,0.012653703801333904266357421875,0.009264267049729824066162109375,0.011070105247199535369873046875,0.009670852683484554290771484375
0.009433937259018421173095703125,0.011615253984928131103515625,0.009153616614639759063720703125,0.01106951199471950531005859375,0.01207097806036472320556640625,0.01239285804331302642822265625,0.00897008739411830902099609375,0.011102207936346530914306640625,0.0122386105358600616455078125,0.009300969541072845458984375,0.012715122662484645843505859375,0.01086528412997722625732421875,0.010886968113481998443603515625,0.008022836409509181976318359375
0.0085692964494228363037109375,0.01068046502768993377685546875,0.01065096072852611541748046875,0.009244061075150966644287109375,0.0090790055692195892333984375,0.009211531840264797210693359375,0.00939072668552398681640625,0.007883456535637378692626953125,0.009301644749939441680908203125,0.01243788190186023712158203125,0.011639664880931377410888671875,0.011844218708574771881103515625,0.009752086363732814788818359375,0.00953017175197601318359375
0.009086851961910724639892578125,0.011778720654547214508056640625,0.009560423903167247772216796875,0.0075112544000148773193359375,0.01021605916321277618408203125,0.0087579078972339630126953125,0.007483673281967639923095703125,0.011212207376956939697265625,0.01094038225710391998291015625,0.008914991281926631927490234375,0.011055073700845241546630859375,0.0104904510080814361572265625,0.01152065955102443695068359375,0.00946924276649951934814453125
0.009891253896057605743408203125,0.011473168618977069854736328125,0.011756069958209991455078125,0.012518883682787418365478515625,0.0111742317676544189453125,0.0092293322086334228515625,0.008953708223998546600341796875,0.01170961372554302215576171875,0.0097894854843616485595703125,0.013108632527291774749755859375,0.011355579830706119537353515625,0.01081004552543163299560546875,0.01104406081140041351318359375,0.00920092873275279998779296875
0.01101620681583881378173828125,0.01165040396153926849365234375,0.01134319789707660675048828125,0.009388245642185211181640625,0.01146658696234226226806640625,0.0094658099114894866943359375,0.008925181813538074493408203125,0.012620055116713047027587890625,0.011337734758853912353515625,0.0115662999451160430908203125,0.009622626006603240966796875,0.010356613434851169586181640625,0.01191240735352039337158203125,0.01110911183059215545654296875
0.009535103105008602142333984375,0.010212120600044727325439453125,0.008543512783944606781005859375,0.01166444458067417144775390625,0.013155817054212093353271484375,0.0073637706227600574493408203125,0.010529472492635250091552734375,0.00828439556062221527099609375,0.01048187352716922760009765625,0.012607741169631481170654296875,0.01068414188921451568603515625,0.007653650827705860137939453125,0.008675367571413516998291015625,0.010884537361562252044677734375
0.011193421669304370880126953125,0.00987268984317779541015625,0.009954224340617656707763671875,0.010831718333065509796142578125,0.009258323349058628082275390625,0.01119840331375598907470703125,0.00994398631155490875244140625,0.00903128273785114288330078125,0.011699127964675426483154296875,0.010310429148375988006591796875,0.0105664841830730438232421875,0.01136074028909206390380859375,0.012549738399684429168701171875,0.007529556751251220703125
0.01082294993102550506591796875,0.01069257594645023345947265625,0.009698934853076934814453125,0.0080240070819854736328125,0.010750912129878997802734375,0.01066034846007823944091796875,0.007693539373576641082763671875,0.010565278120338916778564453125,0.0092347599565982818603515625,0.009877803735435009002685546875,0.011777744628489017486572265625,0.00960315763950347900390625,0.010788361541926860809326171875,0.008495788089931011199951171875
0.0104886926710605621337890625,0.008518920280039310455322265625,0.011377495713531970977783203125,0.0095407776534557342529296875,0.00835098326206207275390625,0.009174044243991374969482421875,0.01075913570821285247802734375,0.007803834043443202972412109375,0.0109576843678951263427734375,0.01073627173900604248046875,0.011487293057143688201904296875,0.01136741600930690765380859375,0.0086217187345027923583984375,0.010501797311007976531982421875
0.013491702266037464141845703125,0.00836191140115261077880859375,0.009628615342080593109130859375,0.010834512300789356231689453125,0.00978729687631130218505859375,0.00855939276516437530517578125,0.0074305720627307891845703125,0.01185311377048492431640625,0.008705449290573596954345703125,0.009423294104635715484619140625,0.00881423987448215484619140625,0.0101923532783985137939453125,0.01214626617729663848876953125,0.009523990564048290252685546875
0.009530104696750640869140625,0.00833123363554477691650390625,0.010036862455308437347412109375,0.0093240849673748016357421875,0.0073225940577685832977294921875,0.010489876382052898406982421875,0.00807343982160091400146484375,0.009137599729001522064208984375,0.008648059330880641937255859375,0.00950499437749385833740234375,0.008940859697759151458740234375,0.009661966003477573394775390625,0.010770299471914768218994140625,0.0105860941112041473388671875
0.012417196296155452728271484375,0.01151921786367893218994140625,0.007975046522915363311767578125,0.008675721473991870880126953125,0.007622082717716693878173828125,0.011506422422826290130615234375,0.01037111692130565643310546875,0.011842534877359867095947265625,0.01111174933612346649169921875,0.008288629353046417236328125,0.00898146070539951324462890625,0.007952786982059478759765625,0.010008742101490497589111328125,0.010969963856041431427001953125
0.009556290693581104278564453125,0.008878090418875217437744140625,0.007925313897430896759033203125,0.010252672247588634490966796875,0.01118206791579723358154296875,0.010109339840710163116455078125,0.0111137665808200836181640625,0.00982782803475856781005859375,0.009627400897443294525146484375,0.008375887759029865264892578125,0.00951361469924449920654296875,0.00995818711817264556884765625,0.006887334398925304412841796875,0.01032170839607715606689453125
0.01052808947861194610595703125,0.011971889995038509368896484375,0.006614102981984615325927734375,0.0076635219156742095947265625,0.011062465608119964599609375,0.0097978524863719940185546875,0.01009461469948291778564453125,0.01173155568540096282958984375,0.009899997152388095855712890625,0.0110298581421375274658203125,0.00910339318215847015380859375,0.01056897826492786407470703125,0.00975787639617919921875,0.01131820119917392730712890625
0.00862208195030689239501953125,0.009309020824730396270751953125,0.009071416221559047698974609375,0.01198090612888336181640625,0.010560031048953533172607421875,0.012004363350570201873779296875,0.008863051421940326690673828125,0.00994058512151241302490234375,0.0114499628543853759765625,0.010459163226187229156494140625,0.007948194630444049835205078125,0.010956606827676296234130859375,0.01123812235891819000244140625,0.00796341709792613983154296875
0.009619551710784435272216796875,0.010567572899162769317626953125,0.0094415284693241119384765625,0.01080594956874847412109375,0.0074527575634419918060302734375,0.011045853607356548309326171875,0.0120570249855518341064453125,0.010954715311527252197265625,0.008856990374624729156494140625,0.007306546904146671295166015625,0.012219390831887722015380859375,0.011545664630830287933349609375,0.009019250981509685516357421875,0.01188060827553272247314453125