0.0035538510643856324744405128512880764901638031005859375,0.0035328960212082059777483067364300950430333614349365234375,0.00359348480244533162453191010854425258003175258636474609375,0.0035178740749791342738717059290820543537847697734832763671875
0.0035648671148983865873682841396430376335047185420989990234375,0.003592092452097188533255422981937954318709671497344970703125,0.003647364969968738303285338275827598408795893192291259765625,0.0035347190711789090895866838337724402663297951221466064453125
0.0036360781229546998601087626212802206282503902912139892578125,0.0035944445264880602042278923136109369806945323944091796875,0.00362019378612889013158149253968076664023101329803466796875,0.0035897478171179851569316809900556108914315700531005859375
0.0036186028254847984152176021410696193925105035305023193359375,0.0034744654427432074793313798721783314249478280544281005859375,0.00352382910117020504980889228363594156689941883087158203125,0.003592483616689383200959451158951196703128516674041748046875
0.0035816673990797429603938351050373967154882848262786865234375,0.003527680010367018927086579793694909312762320041656494140625,0.0036129604441173484956351114050221440265886485576629638671875,0.0035891700330811814913245516578399474383331835269927978515625
0.00360318615454917161311509943288911017589271068572998046875,0.003468863656268627963796813418184683541767299175262451171875,0.0036552770865326349690460627783750169328413903713226318359375,0.0035989272701191662127973014406734364456497132778167724609375
0.0035099065185706808910059972816952722496353089809417724609375,0.0035203959362915438098540210631881564040668308734893798828125,0.0035529713373229558463772814747017037007026374340057373046875,0.003487631107992325736610883524235759978182613849639892578125
0.0035739422639700520710481779218525844044052064418792724609375,0.0036004222789954337842488474308311197091825306415557861328125,0.0035084216048819976373207563113965079537592828273773193359375,0.0035507162523952355559497817694136756472289562225341796875
0.0035957049699272794658633234377020926331169903278350830078125,0.00354693178237626936810666933297397918067872524261474609375,0.003548562942570947405240833205652961623854935169219970703125,0.0035597078688327254449019765303319218219257891178131103515625
0.00361855090392577093127979281916850595735013484954833984375,0.0036053983282124334695806222583769340417347848415374755859375,0.003633352624852243147046682025802510906942188739776611328125,0.00364280476324537784427182174340487108565866947174072265625
0.00354582473791809592300605658010681509040296077728271484375,0.0035837095789459714849367610867147959652356803417205810546875,0.0036527271372426262617538750276935388683341443538665771484375,0.0035087421549437614043398525609518401324748992919921875
0.003531511283786266386375274350939434953033924102783203125,0.003611530647814485163460407335378477000631392002105712890625,0.00355456681779690690514694750845592352561652660369873046875,0.0036666408768519210235881100601318394183181226253509521484375
0.0035592111264554806941695641597789290244691073894500732421875,0.0035937545340361050534572218140283439424820244312286376953125,0.0035959194230421793504748340097876280196942389011383056640625,0.003599911438981576693174613268411121680401265621185302734375
0.0035914211377746766730434391234894064837135374546051025390625,0.00355792772989264871608128260049852542579174041748046875,0.00353503976737321902457100719630034291185438632965087890625,0.00357677603862273200963084462955521303229033946990966796875
0.003603458167169300459253822310756731894798576831817626953125,0.00362851278915039994477087503810253110714256763458251953125,0.00362408251912499194957728576582667301408946514129638671875,0.0035824547292756651374612264504548875265754759311676025390625
0.0035481720342932059064633421030521276406943798065185546875,0.003576477245587989829689323784123189398087561130523681640625,0.0035633968149643611110499730187939348979853093624114990234375,0.003496926697820717903908427359738197992555797100067138671875
0.0035824529201256317956225672105574631132185459136962890625,0.0034798157836285798123754364752358014811761677265167236328125,0.0035653830419508426331776096418479937710799276828765869140625,0.0035837049260037169041981375272598597803153097629547119140625
0.0035202711739319831295291773898270548670552670955657958984375,0.0035448317382688839839721683944162577972747385501861572265625,0.0035592519849408500547116585011053757625631988048553466796875,0.003614837005319193087571338907082463265396654605865478515625
0.003568331527173910534822542928168331854976713657379150390625,0.0034800504788263498211209334698423845111392438411712646484375,0.0036710685286015071714105229006008812575601041316986083984375,0.0035458268972851751665853470285583171062171459197998046875
0.0034954554261399247393204969824864747351966798305511474609375,0.0035952839062997937920329594163604269851930439472198486328125,0.0036354194911478719155761840653440231108106672763824462890625,0.0034865528482604037259495743938941814121790230274200439453125
0.0036770728629457022883231243071122662513516843318939208984375,0.0034540665950723264780719556910071332822553813457489013671875,0.003518162234493873129215213424458852387033402919769287109375,0.003599075502743384440129670309715947951190173625946044921875
0.0035571147449397788088687466512283208430744707584381103515625,0.003572566390139977725304287758945065434090793132781982421875,0.003529249942378087818994902846725381095893681049346923828125,0.00349431240679139339111447526420306530781090259552001953125
0.00362351887492666502321725374713423661887645721435546875,0.0035991968984352752138067277343225214281119406223297119140625,0.00366448012552615665082811347019742242991924285888671875,0.0035701904406887537135606436322632362134754657745361328125
0.003599445155381113085890643077391359838657081127166748046875,0.00358101330624276126268767939109238795936107635498046875,0.00355123209234420832147716140525517403148114681243896484375,0.0035765972313194925764900933273793270927853882312774658203125
0.0036156553682867051228988497513228139723651111125946044921875,0.003637546238672385856549595928299822844564914703369140625,0.0035592643514030593461516804865141239133663475513458251953125,0.0035466980129214777280044490481714092311449348926544189453125
0.00352912833950420369577560819607242592610418796539306640625,0.0035960178459835713538073065365097136236727237701416015625,0.0035305083459636513003310209768415006692521274089813232421875,0.0035159234473733694779917779982270076288841664791107177734375
0.0035360127254321694657834829200737658538855612277984619140625,0.003600897759886991476852013960296972072683274745941162109375,0.003591179922386608831808008091002193395979702472686767578125,0.0035795479312732245320838320168377322261221706867218017578125
0.0035761730003667151038537763696467663976363837718963623046875,0.0035641075783673197008294408760775695554912090301513671875,0.0035961745615578949615553927543487588991411030292510986328125,0.003539662494653754432061276702370378188788890838623046875
0.0035522714370016562901444245881066308356821537017822265625,0.003548537567362086177225055649842033744789659976959228515625,0.003565741932329914536115023082629704731516540050506591796875,0.00357662951911549321926120370562784955836832523345947265625
0.0035958302207001724935808706362649900256656110286712646484375,0.003509939343433140547523496621806771145202219486236572265625,0.003575946202228945380863223135747830383479595184326171875,0.003671560776943795685600679945537194726057350635528564453125
0.0035795438110664463439436477898425437160767614841461181640625,0.0036398664513828398077432968449329564464278519153594970703125,0.00359042866751531179747569666460549342446029186248779296875,0.00347136821113811812333782569339746260084211826324462890625
0.0035983827793086629702468126623671196284703910350799560546875,0.0036540292744581133986547794023636015481315553188323974609375,0.003619679953407174168023008320460576214827597141265869140625,0.0035527449049658241068960773390017493511550128459930419921875
0.00361184356310506604614829484489746391773223876953125,0.0035531831172454114188552498632134302170015871524810791015625,0.0034775693359479459103311693723981079529039561748504638671875,0.0034621607959295056140824886625750878010876476764678955078125
0.003569688571895331986871813256811947212554514408111572265625,0.0035743739617663402262370819784109698957763612270355224609375,0.003565001131456952028486728778489123214967548847198486328125,0.003665996403800359827729327122369795688427984714508056640625
0.00348366794657521162970059691588176065124571323394775390625,0.0035776408222393776999148418127560944412834942340850830078125,0.003595235051406106378812932433675086940638720989227294921875,0.00359794275936087086520398514721819083206355571746826171875
0.0036097955510883857066506408273198758251965045928955078125,0.003525946340618195395943956782502937130630016326904296875,0.0035639208931997766634236501914756445330567657947540283203125,0.0035253378506284412975679831703246236429549753665924072265625
0.003474827807889650788109037193862604908645153045654296875,0.0036496099360716232652690482751722811372019350528717041015625,0.0036123482391134946641042535731003226828761398792266845703125,0.0035774631116846367095973846517154015600681304931640625
0.003523877266445311039200216640665530576370656490325927734375,0.00359472436419350400982342108591183205135166645050048828125,0.0035664522197340286190081481976221766672097146511077880859375,0.0035581329387885172847727499600978262606076896190643310546875
0.00352627763883842614001107307331039919517934322357177734375,0.0035802642249252759898414666395183303393423557281494140625,0.0035139760859764501699231686870916746556758880615234375,0.0035907841653901018640071551857317899703048169612884521484375
0.0035541597597001754749168611624554614536464214324951171875,0.0035302672244974758579416640458248366485349833965301513671875,0.0035965522459467497672080948944994815974496304988861083984375,0.0035531072060071230457600766072800979600287973880767822265625
0.0036844728765323482740090543785527188447304069995880126953125,0.00357225029911427405249213506976957432925701141357421875,0.003643431311036368462630274933644614065997302532196044921875,0.0035175699359986773405439830497698494582436978816986083984375
0.0035176359945116608164694671501138145686127245426177978515625,0.003559852080953790180728457670511488686315715312957763671875,0.00352360710959449645318652954983917879872024059295654296875,0.003573559007372480687825255785128319985233247280120849609375
0.0035171714204655321091286257484398447559215128421783447265625,0.0035004861128442375621527826723422549548558890819549560546875,0.0035746229498914879052495763289698516018688678741455078125,0.00349414180396718544729939281978658982552587985992431640625
0.0035265836383526032171698005868165637366473674774169921875,0.0035896058764672490910829782961855016765184700489044189453125,0.003566647418758415143125173329963217838667333126068115234375,0.0035787881326936944216543512453654329874552786350250244140625
0.003614042857985592764602511550720009836368262767791748046875,0.0035654458418159771550259851125019849860109388828277587890625,0.003660033445789835637729225936709553934633731842041015625,0.0034718109329293276275885116177732925279997289180755615234375
0.003481556908151381586613570817689833347685635089874267578125,0.00355031572677120925429772313464127364568412303924560546875,0.00353805230598074060832658460640232078731060028076171875,0.003561503511126881856008186133522031013853847980499267578125
0.003454751490713870408499897024512392817996442317962646484375,0.0035516924628549071361882649711105841561220586299896240234375,0.0035558283200354278731636359367485056282021105289459228515625,0.003602827540213112376965565175623851246200501918792724609375
0.0035389880224061700912663308571382003719918429851531982421875,0.003472815013744900806968995965462454478256404399871826171875,0.0035023378871312789255287878376066146302036941051483154296875,0.003498071785867608134157347166137697058729827404022216796875
0.0035530912064630827164324333722333904006518423557281494140625,0.0036189964725612555097866707143339226604439318180084228515625,0.0036112607744561747886991032174819338251836597919464111328125,0.003549287473719818508666179468491463921964168548583984375
0.0035746809163500312296612992923883211915381252765655517578125,0.0035721268059766245368813475380420641158707439899444580078125,0.003577110032015061273635847527430087211541831493377685546875,0.0036888453035953268875635213674968326813541352748870849609375
0.003556241145596876485068804640832240693271160125732421875,0.003664264618473004990473196329503480228595435619354248046875,0.00352678333627727547128216656346921809017658233642578125,0.0035414187712812712251209124048045850940980017185211181640625
0.0035149599326086138247060564054891074192710220813751220703125,0.003588228629342542219671230441235820762813091278076171875,0.0035827012882064918596058955557737135677598416805267333984375,0.003584930161936199753680565294189364067278802394866943359375
0.003533720996175695495955526581610683933831751346588134765625,0.0035167862183892555083541964222604292444884777069091796875,0.003511899348620144654942176742906667641364037990570068359375,0.0035697130619065917979393365300211371504701673984527587890625
0.0035078857466434606830751885553354441071860492229461669921875,0.003512116083640806109278376112570185796357691287994384765625,0.003521173612987864298684570485420408658683300018310546875,0.0035372964914344140995028364926611175178550183773040771484375
0.00352154930869931666326255736976236221380531787872314453125,0.00358676275803633710925755195830788579769432544708251953125,0.0035253189941070856537608246838999548344872891902923583984375,0.0035096963154126769625362758375786143005825579166412353515625
0.0035467702002260786432741301865689820260740816593170166015625,0.003581341115232317649785809265949865221045911312103271484375,0.003577859845095793765723524160193846910260617733001708984375,0.003544595299486831378732443198487089830450713634490966796875
0.003545917952261344423259270541848309221677482128143310546875,0.003624795444708677101541827170194665086455643177032470703125,0.0035287970317981233459025958154597901739180088043212890625,0.0035276726001659398750109897235915923374705016613006591796875
0.0035782718544810111771514726797249750234186649322509765625,0.0035944369687785811262603630211742711253464221954345703125,0.003570572192451666737600390888474066741764545440673828125,0.003451803456679375554927435842955674161203205585479736328125
0.0035184920515882842258215124076059510116465389728546142578125,0.0036087414888652060741824900702567902044393122196197509765625,0.003529940573906833155282125602525411522947251796722412109375,0.00358387493382381940032477274371558451093733310699462890625
0.003619667499418023452750770019292758661322295665740966796875,0.0034817887568095976132120927815094546531327068805694580078125,0.0036141683793904518483264265427123973495326936244964599609375,0.0035971381602906420289766931119856963050551712512969970703125
0.0035424010561473629442319488447310504852794110774993896484375,0.0036162511695236048032964237819442132604308426380157470703125,0.0035962688396194604500966107707426999695599079132080078125,0.0035179933498963116521307536999074727646075189113616943359375
0.0036352134833443684215625868461074787774123251438140869140625,0.0035674030237159743035590953041946704615838825702667236328125,0.0036699379501365751721220220815666834823787212371826171875,0.0035313090394389350275272665413694994640536606311798095703125
0.003558997771470932651449725625525388750247657299041748046875,0.003518866048347305160171050175677009974606335163116455078125,0.0035886848116509161531195726269061196944676339626312255859375,0.0035793183281396571092380920475761740817688405513763427734375
0.003566309848954067780735233128552863490767776966094970703125,0.0035351411312074788005632708376424488960765302181243896484375,0.00360018587840106076003454660394709208048880100250244140625,0.0035773049716557917508674702133930622949264943599700927734375
0.00358940012530608622276506736170631484128534793853759765625,0.003529690964274904974029567483739810995757579803466796875,0.0035953446836747599175965195428261722554452717304229736328125,0.0035580261396759328695882373949643806554377079010009765625
0.003555948846287126929865962665644474327564239501953125,0.0034662696807408292787311410165784764103591442108154296875,0.0035569197044790228263988485224444957566447556018829345703125,0.0035998620418385379564341075564470884273760020732879638671875
0.003603799384623991054754643670321456738747656345367431640625,0.003524889548867153783728856097923198831267654895782470703125,0.0035988608270629269918206016853901019203476607799530029296875,0.0036066292651392626265882679348351302905939519405364990234375
0.003540248600768613855549471480799184064380824565887451171875,0.0036374317695127456225023809821550457854755222797393798828125,0.0035385441189550274898589776739754597656428813934326171875,0.00357538058738732060504172949322310159914195537567138671875
0.003525146474717182065727882900318945758044719696044921875,0.0034066030260782313894563078093824515235610306262969970703125,0.0035646365935328772935053454062881428399123251438140869140625,0.003529261273928119453657803461510411580093204975128173828125
0.0035859999612944779175116583047611129586584866046905517578125,0.0035134012306295074427875402278687033685855567455291748046875,0.0035075138240003704039049470253530671470798552036285400390625,0.0035118697162873275564864972153600319870747625827789306640625
0.003507740735979984932069175584956610691733658313751220703125,0.0036349611831118454861877520301050026318989694118499755859375,0.0034742406530726336992553893168178547057323157787322998046875,0.0035852628852136221061785992247905596741475164890289306640625
0.0035243802609543815017312251569592262967489659786224365234375,0.00358714913575493461739274181354630854912102222442626953125,0.00350332667179513966571047234310753992758691310882568359375,0.0035376674085049876310182792593650447088293731212615966796875
0.003598922682786677949839937440401627100072801113128662109375,0.0035507430480791572768861641407056595198810100555419921875,0.0035508826418536860829167078890122866141609847545623779296875,0.0036092847813678041561658016433966622571460902690887451171875
0.003552306841476200217899705791069209226407110691070556640625,0.003529540571202516123505699141560398857109248638153076171875,0.0036140781056148512349890378203554064384661614894866943359375,0.0036380348548721744110501230551335538621060550212860107421875
0.00365757133418430357973960553863435052335262298583984375,0.003563787412246814494121149863303799065761268138885498046875,0.003557591365081091798472368026295953313820064067840576171875,0.0036123111022862918438602886084254350862465798854827880859375
0.00334295327305765381520341605892099323682487010955810546875,0.0032237677148444156445539210409378938493318855762481689453125,0.0033289286958517812393953949623437438276596367359161376953125,0.003402535289433285432825204708251476404257118701934814453125
0.0033190832628098216640355477835555575438775122165679931640625,0.003276852891493404508482800707724891253747045993804931640625,0.0032305718487122664882293943122704149573110044002532958984375,0.0032689795382971581320930010150505040655843913555145263671875
0.0032844574268870822819632593336791615001857280731201171875,0.0033661162215191764261745799302616433124057948589324951171875,0.00336176327403725667963829693007937748916447162628173828125,0.003279324232494453504604958737900233245454728603363037109375
0.0032910319664713749698847777835908345878124237060546875,0.0033097790308358478704453542462715631700120866298675537109375,0.003318700199754868844503885583208102616481482982635498046875,0.00327818320335174738511252456873990013264119625091552734375
0.0033180679057362200308489708078241164912469685077667236328125,0.0033146819390465587056027185752782315830700099468231201171875,0.0033429995071582452315084310612292028963565826416015625,0.003329362797648650028337069528561187325976788997650146484375
0.003275030722332685807762775453966241911984980106353759765625,0.003274990347134764702430320681969533325172960758209228515625,0.0032584871472871664195569696431675765779800713062286376953125,0.003287186249783317394668191724349526339210569858551025390625
0.0033521620338514616747882524094848122331313788890838623046875,0.0033313246405030478257403014907822580426000058650970458984375,0.003300273286735801170355131262112990953028202056884765625,0.003348081657298124062804856038155776332132518291473388671875
0.003365075836857355472131470008889664313755929470062255859375,0.0033205304355744653076187855589296304970048367977142333984375,0.00335466418747674792466550997005469980649650096893310546875,0.003324170492987755208547095975291085778735578060150146484375
0.003264456232906683304240136322960097459144890308380126953125,0.003371764397199731623511187450503712170757353305816650390625,0.0033184532460259759216458785857639668392948806285858154296875,0.0032654262379690425673051112909206494805403053760528564453125
0.0033520948948335591542624367633607107563875615596771240234375,0.003253829839461437611891625465432298369705677032470703125,0.003354698030342956154015165992632319102995097637176513671875,0.0033688024370323462440557360508819328970275819301605224609375
0.00332983136379475831712060340805692248977720737457275390625,0.0033031823510985048632238036958597149350680410861968994140625,0.0033182659807089467073060173873955136514268815517425537109375,0.0032328577659399737771750427128836236079223453998565673828125
0.0033222025090799034603705752743962875683791935443878173828125,0.0033093170639137137190033399747335352003574371337890625,0.0033587984612755534229167064808052600710652768611907958984375,0.003346182714628389946731612525354648823849856853485107421875
0.0033211420996917544352922124772931056213565170764923095703125,0.003296770860984904981394461032095932750962674617767333984375,0.0033782617771710185365641176957751667941920459270477294921875,0.0033860858185012312517037091907923240796662867069244384765625
0.00324406966403061915171779361344306380487978458404541015625,0.0033604896973948327788817014294409091235138475894927978515625,0.0033037818478882964579046443986953818239271640777587890625,0.00329933327395397213432914895747671835124492645263671875
0.003289651598450260040762405111536281765438616275787353515625,0.0032797007198115137559246701215442953980527818202972412109375,0.0033512690176580885691171030060786506510339677333831787109375,0.003251055956388581268112769606659639975987374782562255859375
0.0033285391940813878301763661937684446456842124462127685546875,0.00326628957214454389290647640109455096535384654998779296875,0.0032795555619582364252628803313882599468342959880828857421875,0.0033443066765348364137444558963352392311207950115203857421875
0.003323617193589208096415887894181651063263416290283203125,0.00337312767090094077493400703815495944581925868988037109375,0.0032718935661570033336664753420564011321403086185455322265625,0.003328553617178404457066509536389276036061346530914306640625
0.0033785890639022107644062753450953096034936606884002685546875,0.0032401194888395054051477561785077341482974588871002197265625,0.0033307834797025848670715131305541945039294660091400146484375,0.00333259312829623823015712247297415160574018955230712890625
0.003283779044847859492073371967535422299988567829132080078125,0.0033072374178733450651723746460675101843662559986114501953125,0.0032850315621093424678367256319688749499619007110595703125,0.003355498534225612693171481026865876629017293453216552734375
0.0032629770662210206590148064975664965459145605564117431640625,0.0033841986424449498234434674515114238602109253406524658203125,0.003311181229274200166212693829947966150939464569091796875,0.003304048571291158011009603256979971774853765964508056640625
0.0033401686546558977640442034129364401451312005519866943359375,0.0033788787652364693329942735289250776986591517925262451171875,0.003304108230997688903929354609090296435169875621795654296875,0.00331504611908912429074636207815274246968328952789306640625
0.00332800517649054806990083221762688481248915195465087890625,0.0033197910525546597305945883960021092207171022891998291015625,0.003239178329224525788865296505036894814111292362213134765625,0.003269064542671823621333704323888014187105000019073486328125
0.00330346682137144971591613540340404142625629901885986328125,0.003340379226943467581845137459595207474194467067718505859375,0.0033582870715720965042183632220940125989727675914764404296875,0.0032633539090098982564380758475408583763055503368377685546875
0.0033799062284302155111104237761310287169180810451507568359375,0.0032456983383342967626472574949048066628165543079376220703125,0.0032778753657336334552396817088038005749695003032684326171875,0.0032474840035322427751751650504274948616512119770050048828125
0.0033500158808974270750746793368080034269951283931732177734375,0.003316272766110846086096142215637883055023849010467529296875,0.0032938419454428351750008285847570732585154473781585693359375,0.0032979389959769019047275406819608178921043872833251953125
0.0032964419502175268394950080619310028851032257080078125,0.0033283891126757348018216919882661386509425938129425048828125,0.0033223913840574868273913811123065897845663130283355712890625,0.0033066592104231580517836874832937610335648059844970703125
0.0032755932964141924908230141255671696853823959827423095703125,0.00337892051729276644833621645602761418558657169342041015625,0.0033053784823349023624938780585580389015376567840576171875,0.00327968410004523223955086308478712453506886959075927734375
0.0032902093148603887319547656176155214780010282993316650390625,0.0033351247675825631232304768758467616862617433071136474609375,0.003283602798047186542562680955370524316094815731048583984375,0.00334097999087706355736404617573498398996889591217041015625
0.00334123205031229379702306658828092622570693492889404296875,0.0033118541653228005146314405493512822431512176990509033203125,0.0033133293067915017653113363138572822208516299724578857421875,0.0032258318101163756426441597824350537848658859729766845703125
0.0033546476772304515030775906581084200297482311725616455078125,0.003339015923440199172522735437951268977485597133636474609375,0.00337010446970210063299955294269238947890698909759521484375,0.003331191825692705020534045701197101152502000331878662109375
0.003349329949556702212820624708911054767668247222900390625,0.003303229731468381065451200839788725716061890125274658203125,0.00335309202918556391315174636247320449911057949066162109375,0.0033533429051208207827272644863114692270755767822265625
0.003372412248054366956662164511726587079465389251708984375,0.003336494048839751432045108714419257012195885181427001953125,0.003370451503990686860368075628002770827151834964752197265625,0.003334377408131757904163894323801287100650370121002197265625
0.003393998331797786795205329468672061921097338199615478515625,0.0032316800619451055247288717708897820557467639446258544921875,0.0033817000357995452564097149661392904818058013916015625,0.0032685385207115659651766481630374983069486916065216064453125
0.003334114994855781090310475889282315620221197605133056640625,0.0032896031082459745685520058344764038338325917720794677734375,0.0032769898081380552899710689729317891760729253292083740234375,0.0033122351593165414752883979332409580820240080356597900390625
0.00329075096028843584738954319846016005612909793853759765625,0.0032941293846354582734725635617678562994115054607391357421875,0.0032865389747383749567688493442574326763860881328582763671875,0.003336415738085489988973275643502347520552575588226318359375
0.0033700569310762032958217471190209835185669362545013427734375,0.00331137144953850236228642955893519683741033077239990234375,0.0033042458665575196764818688421883052797056734561920166015625,0.003318826869954154268338442079766537062823772430419921875
0.003354140949019265328934213954426013515330851078033447265625,0.0032613972917568032593160776144713963731192052364349365234375,0.0031929624737333677821082833503396614105440676212310791015625,0.003365778516799673193704567353279344388283789157867431640625
0.003268255523350535075854939037753865704871714115142822265625,0.0032549602059372801342307379712792680948041379451751708984375,0.0033159219712545081291954485180895062512718141078948974609375,0.003391320724467856116690622769738183706067502498626708984375
0.00329558420153063490187772544004474184475839138031005859375,0.0033023221063500714407557001806026164558716118335723876953125,0.0033448405928616403888498087582092921365983784198760986328125,0.0033315104197611214616181474212908142362721264362335205078125
0.003318827672610429914412666363432435900904238224029541015625,0.0032992347124048524049932940016560678486712276935577392578125,0.0032651258693868197117982088428789211320690810680389404296875,0.003406940733548107468064980452027157298289239406585693359375
0.003311361640371019744721881039595245965756475925445556640625,0.0033228390506727027535471830077540289494208991527557373046875,0.0033490674943114917549991105261142365634441375732421875,0.003337097554671693798444831458027692860923707485198974609375
0.0032091061946847472541310963833893765695393085479736328125,0.003403939161731307956604286601987041649408638477325439453125,0.003271938921860694828025462044251980842091143131256103515625,0.0032992642237677886896118906179253826849162578582763671875
0.003327106849480523063922188242713673389516770839691162109375,0.0033644695228744066727022410390190998441539704799652099609375,0.00341081312842184992961680478629205026663839817047119140625,0.003306836969389209159031484119850574643351137638092041015625
0.0033515666113682440578613874748725720564834773540496826171875,0.003346362717910365998374988549812769633717834949493408203125,0.003323836777978885458073587955141192651353776454925537109375,0.0032343853137925923819928630820186299388296902179718017578125
0.0034028003502661456104727566440715236240066587924957275390625,0.003314307923159026496306989173490364919416606426239013671875,0.003368968057991537749795707412658885004930198192596435546875,0.003335866281897641345832727921560945105738937854766845703125
0.003414445576121571783445585168692559818737208843231201171875,0.0033154640823946780574249526551966482657007873058319091796875,0.003379939878731014375745633770975473453290760517120361328125,0.0034181277945203769781656877313480435987003147602081298828125
0.0033809709087119928748454977807114119059406220912933349609375,0.00331688244595059779362689056370072648860514163970947265625,0.003249461996821371469190697922613253467716276645660400390625,0.00336902934720927603462481414453577599488198757171630859375
0.003328142422980015675826326315700498525984585285186767578125,0.003278513426007274855766837617920828051865100860595703125,0.0032728400436960619103443637101236163289286196231842041015625,0.0033837801407227440821101627221878516138531267642974853515625
0.003306629079456465010455890052298855152912437915802001953125,0.003304940609989586754180468375352575094439089298248291015625,0.0032771084479641886776091208588468361995182931423187255859375,0.00325407767369909582677589554577934904955327510833740234375
0.0032577181651616700895635059254118459648452699184417724609375,0.0032750014658843337560234498795352919842116534709930419921875,0.0033166020478675767475806868134213800658471882343292236328125,0.0032624328120052881012369550006724239210598170757293701171875
0.0033517016833987342029621547823126093135215342044830322265625,0.0033364776615770548769124292931564923492260277271270751953125,0.003366221014335204868295203795014458592049777507781982421875,0.003397435461728318638330303969041779055260121822357177734375
0.003323887600749815540712717165661160834133625030517578125,0.003327545061143142961224139497744545224122703075408935546875,0.0032746959351589613289312818977805363829247653484344482421875,0.003285772046349728046921168100880095153115689754486083984375
0.00328229264599151637771257128406432457268238067626953125,0.003312662209560650154738237205265249940566718578338623046875,0.003226928905633494847060571686370167299173772335052490234375,0.0033084611043516800286956591747866696096025407314300537109375
0.0033254036625271874046128051105597478454001247882843017578125,0.003265001356004100345475915645465647685341536998748779296875,0.0032763476290062309818906793879023098270408809185028076171875,0.00331349566140743713449356988576255389489233493804931640625
0.0033628660303888120719495447019653511233627796173095703125,0.003386166161160718800215985169188570580445230007171630859375,0.0033682937876827550270630862172538400045596063137054443359375,0.0033161805388566660546256770203399355523288249969482421875
0.0033353322682099762440388612816377644776366651058197021484375,0.0032939199669213639100340262899635490612126886844635009765625,0.003360550453927754234462188520637937472201883792877197265625,0.003327116979602347777988935462190056568942964076995849609375
0.003339909960336139016501277865245356224477291107177734375,0.0033270070656597010815003212513829566887579858303070068359375,0.003415360371165718049446535786728418315760791301727294921875,0.00333015572128004221086339242674512206576764583587646484375
0.0033662128690950640814982808279864912037737667560577392578125,0.003271406437169012935972656208605258143506944179534912109375,0.003266714637107479175803792514898304943926632404327392578125,0.003296997131127736568867447886077570728957653045654296875
0.0033238075473235261479698632314239148399792611598968505859375,0.0033608708953905309935183964853422367013990879058837890625,0.003252229488570210040598862377692057634703814983367919921875,0.00328302075094992658332859747360998881049454212188720703125
0.0032962683893538037398218687457074338453821837902069091796875,0.003307706194405503515032496153480678913183510303497314453125,0.0033370200972471053373069604930378773133270442485809326171875,0.00329066791024136030829883026171955862082540988922119140625
0.003301214244991568062814746298272439162246882915496826171875,0.00332981991685328375385477528425326454453170299530029296875,0.00337387998937893791862041581453013350255787372589111328125,0.003296840827339262737505354294853532337583601474761962890625
0.003432386923923057796270708053043563268147408962249755859375,0.00339679182065053507366680918266865774057805538177490234375,0.00329102194385669406806460557390892063267529010772705078125,0.003278836361009685070044827881474702735431492328643798828125
0.003239815194373636166036423134073629626072943210601806640625,0.0033623933911260390876296622053587270784191787242889404296875,0.0033053451076791202922766643723662127740681171417236328125,0.0033337270800589961956827966815808395040221512317657470703125
0.003367817908225685143153160794327050098218023777008056640625,0.003281036331301639095980871019264668575488030910491943359375,0.0033527104482330362562880754495608925935812294483184814453125,0.0032587929720269931226084292319455926190130412578582763671875
0.003266786300331530300267157684857011190615594387054443359375,0.00330590978291720079262905329642308061011135578155517578125,0.003330678899451620933458428908124915324151515960693359375,0.0032798030370836061229977698161519583663903176784515380859375
0.0033847004428312031654169089733841246925294399261474609375,0.00336536648171533066264959899172026780433952808380126953125,0.00326723009747816907355488780240193591453135013580322265625,0.0032369380801382662167509085548999792081303894519805908203125
0.00329672607185239711913293803036140161566436290740966796875,0.003382086627901978968802065850240978761576116085052490234375,0.003342677711538027778004344980899986694566905498504638671875,0.003318447694659034698239086225157734588719904422760009765625
0.0033315407216325363011499849363872272078879177570343017578125,0.0033601377267550545935304029399048886261880397796630859375,0.0033163423671445546765668144217897861381061375141143798828125,0.003317845033222774180081682260379238869063556194305419921875
0.00328308253203163195876879143497717450372874736785888671875,0.0033274623442133967159139995573013948160223662853240966796875,0.003272712009202832610099687116189670632593333721160888671875,0.0032467350771056197912545204786738395341672003269195556640625
0.0033524742219412499190378529334566337638534605503082275390625,0.003304666967983062135505445411354230600409209728240966796875,0.00337155058696717198352121869220354710705578327178955078125,0.0033335234091065855423219321806982406997121870517730712890625
0.003365251371997870534491514860064853564836084842681884765625,0.00328533276515147361351854016220386256463825702667236328125,0.00341698399819913116448599765817562001757323741912841796875,0.003270860950746210492334764552424530847929418087005615234375
0.003365152114391906264245779567545469035394489765167236328125,0.003285944663113515330776781553367982269264757633209228515625,0.00335243475385428070512094933519620099104940891265869140625,0.00327461605713790827876241706917426199652254581451416015625
0.003287138274784841794617928911748094833455979824066162109375,0.0033001896129584086699015887944597125169821083545684814453125,0.0032764672620350433242253362919882420101203024387359619140625,0.003317621134244448655170600659403135068714618682861328125
0.0034416490344268773314551079778311759582720696926116943359375,0.0032913268485383439902747237937319368938915431499481201171875,0.0032525676576494948026574416388712052139453589916229248046875,0.0033290163396167507005307673040306326583959162235260009765625
0.0032673669202329404769036269584603360272012650966644287109375,0.0032696683638351689039913683387794662849046289920806884765625,0.0033250807789343360919287473365102414391003549098968505859375,0.003306328921252084905579859963609123951755464076995849609375
0.0033143124345225423270366871264513974892906844615936279296875,0.0032470784674929857593905779822307522408664226531982421875,0.0032284407466710448274260780721078845090232789516448974609375,0.003300115596402787565555314586163149215281009674072265625
0.00325550744793476169725021662770814145915210247039794921875,0.0032190256483450641923627078000436085858382284641265869140625,0.0032125802945004900031122918591108827968128025531768798828125,0.0032993493169112268932618992067773433518595993518829345703125
0.0032799739732295219753199777557028937735594809055328369140625,0.0031903566475974657647152188388872673385776579380035400390625,0.0031902177668398979705488560654202956357039511203765869140625,0.003277927084282014451310782732207371736876666545867919921875
0.003249060384869537944363404591285870992578566074371337890625,0.0033234242242922806646887590176220328430645167827606201171875,0.0032676879386518190538646333465067073120735585689544677734375,0.0033196541035224679493109700700870234868489205837249755859375
0.00326711685994133214927526154269799008034169673919677734375,0.003293317658998848145024407330083704437129199504852294921875,0.003325664944560492199132628599045347073115408420562744140625,0.003217193229635410649247528880323443445377051830291748046875
0.003289472917791910928919651979640548233874142169952392578125,0.0032786030666424347858323162796523320139385759830474853515625,0.003196753994398708435820122275572430226020514965057373046875,0.003246379996493996451800700953072009724564850330352783203125
0.003253518673594433217866050966904367669485509395599365234375,0.0031891528222286924694472975971848427434451878070831298828125,0.0032780066883818935637162628182750268024392426013946533203125,0.0031827881882342790552387068458983776508830487728118896484375
0.003273583436661258415367736773760043433867394924163818359375,0.0031932679132753191524052294170132881845347583293914794921875,0.0033241416183165564506019062918085182900540530681610107421875,0.0032723747154701061067016976124932625680230557918548583984375
0.003295441215143054929093135996254204655997455120086669921875,0.00324903713334117640043618990830509574152529239654541015625,0.003225297914763965330398054476290781167335808277130126953125,0.00321778757536173194708783995565681834705173969268798828125
0.00320147477313733989923161260549022699706256389617919921875,0.003339988513639109875275057248700250056572258472442626953125,0.003235832018102774605694538223588097025640308856964111328125,0.0032594128726612277280327845119245466776192188262939453125
0.0032381210914872358107297056761808562441729009151458740234375,0.0032650793847577934923831488589485161355696618556976318359375,0.003297691133669685727147768972145058796741068363189697265625,0.003258656228716458498617658534612928633578121662139892578125
0.0032527895012034557624402975051225439528934657573699951171875,0.003190006529816956371004010861724964343011379241943359375,0.003278280579354108693890257342218319536186754703521728515625,0.0032887370183260510904388329578296179533936083316802978515625
0.003281735213756562831444174577200101339258253574371337890625,0.0031961626116754422895216425359876666334457695484161376953125,0.003168556022352172520106794451066889450885355472564697265625,0.0032584977315183488895400376605948622454889118671417236328125
0.003178948773234047987801265122698168852366507053375244140625,0.003253808620993192159132068042026730836369097232818603515625,0.0032720644243726900758650888434431180940009653568267822265625,0.0032991338470101838793724358112058325787074863910675048828125
0.003187654498468355836193754981877646059729158878326416015625,0.0031998227981547030900066896919042847002856433391571044921875,0.003134248436264030178433070972232599160633981227874755859375,0.0032296652103078232927402257956828179885633289813995361328125
0.003161899106326131192457040697263437323272228240966796875,0.00321074538265780744239474842061099479906260967254638671875,0.0033123987688044374648466128263635255279950797557830810546875,0.0032477914118852050685826160503211212926544249057769775390625
0.0032553388066319309361584810602607831242494285106658935546875,0.0032504749740887386479093468238943387405015528202056884765625,0.00326012273446189999870359343958625686354935169219970703125,0.0032589591953812412084001692846868536435067653656005859375
0.003187181032079517729871387388129733153618872165679931640625,0.0031781191612906298064877841369479938293807208538055419921875,0.00317802645816050825799958801098910043947398662567138671875,0.003319776810746340699187495459909769124351441860198974609375
0.0031864738945910878360756601779257835005410015583038330078125,0.0032801951227653665214833988983400558936409652233123779296875,0.0032085896023149353128989247352365055121481418609619140625,0.00323638205854150096119070667555206455290317535400390625
0.00327435749467715371541221003326427307911217212677001953125,0.003282103030539892420114345128467903123237192630767822265625,0.00317587875674628199174076570443503442220389842987060546875,0.0033587137243463759984918315382174114347435534000396728515625
0.003246571439890984060727685545089116203598678112030029296875,0.0032473921357528338742237661307399321231059730052947998046875,0.0033228828557131822631076634166902294964529573917388916015625,0.0032973692832888932928436798164284482481889426708221435546875
0.0033861793830197994825681462316424585878849029541015625,0.0032499076763652010556293614484957288368605077266693115234375,0.0031998028611243066986202787660431567928753793239593505859375,0.0032548313482474015324863447773395819240249693393707275390625
0.0032941623918997069153657974993620882742106914520263671875,0.0031923174724496268007956079060249976464547216892242431640625,0.0031931941820389432747095970199779912945814430713653564453125,0.003188592749927303925117083593931965879164636135101318359375
0.0033173365467714910868879396588226882158778607845306396484375,0.003297362179920160230039982707239687442779541015625,0.0032193694052750367572135470339844687259756028652191162109375,0.003269481331854771390121872087775045656599104404449462890625
0.0032569373028638218085795141831795262987725436687469482421875,0.00318824837152789815342135426590175484307110309600830078125,0.003248606283752953662047335825491245486773550510406494140625,0.003214634727119912958881453590720411739312112331390380859375
0.003279198320234624937363765440068164025433361530303955078125,0.0032578618003967943321519395993846046621911227703094482421875,0.003252461725242814481739994647568892105482518672943115234375,0.003188891381554798294672981029407310415990650653839111328125
0.003307055492577045709146066343464553938247263431549072265625,0.003275361646377730924506455068012655829079449176788330078125,0.0032756224010775940487516511012699993443675339221954345703125,0.003228744485858994935079113730580502306111156940460205078125
0.003265286978393035048628956218408347922377288341522216796875,0.0032645732170105564405593323584753306931816041469573974609375,0.0033056171705688661664745975343748796149156987667083740234375,0.0033162865125648251056478255094361884403042495250701904296875
0.00325737838352922921825172153376115602441132068634033203125,0.003174799523661936580254394613120894064195454120635986328125,0.003280631831555725318183558414375511347316205501556396484375,0.00338688255826323503239194678826606832444667816162109375
0.003269662538808503458864773705272455117665231227874755859375,0.0032510497460145021224320327490886484156362712383270263671875,0.0032033733576594023394201737886533010168932378292083740234375,0.003280817560092286026829366818446942488662898540496826171875
0.003157342076948003138647802501282058074139058589935302734375,0.00326360815913089193085472317079620552249252796173095703125,0.0033274096083553542958777260452052360051311552524566650390625,0.00324156397140608169837872054586114245466887950897216796875
0.0031693758010553243868734352162164213950745761394500732421875,0.0032270979764166840032812988425803268910385668277740478515625,0.003288561360986656974259023655804412555880844593048095703125,0.003258496335231821083855408005547360517084598541259765625
0.0032558149764593848074500925804386497475206851959228515625,0.003265553520864193821904297720948306960053741931915283203125,0.0032360714595732436964226064191052500973455607891082763671875,0.0033102736084484672522687542794983528438024222850799560546875
0.0032444421459999965400011756599951695534400641918182373046875,0.003361654475069575202794691648477964918129146099090576171875,0.0032475483632053649303561559946729175862856209278106689453125,0.0033135141961057180785832354530384691315703094005584716796875
0.003340078581537579173466046000839924090541899204254150390625,0.003245527718101708959663742604107028455473482608795166015625,0.003161055112660473252750303885250104940496385097503662109375,0.0031950761778675083012168922635964918299578130245208740234375
0.003252270845310808143613368059732238180004060268402099609375,0.0033203044825321288875674685669991959002800285816192626953125,0.0032373221399358592838269021996211449732072651386260986328125,0.0031804044075797624317736289611957545275799930095672607421875
0.003221709396027572398779614815111926873214542865753173828125,0.0032608557533822485167973592723456022213213145732879638671875,0.00331876900341536440475209701617131941020488739013671875,0.003269018508376810537574552739670252776704728603363037109375
0.003307366413623548558053943935419738409109413623809814453125,0.0031696903304313643091882912727896837168373167514801025390625,0.0032313253656699736371393782974337227642536163330078125,0.0031968513921929995504067623102173456572927534580230712890625
0.003228515938465670136181540073039286653511226177215576171875,0.00321226945469467277394226556452849763445556163787841796875,0.003281447129558425455930770198165191686712205410003662109375,0.0032055215163536402052379958860228725825436413288116455078125
0.00325677697147945012512426643525031977333128452301025390625,0.0032818230553869772413155825319108771509490907192230224609375,0.0032524057610780793443894243210934291710145771503448486328125,0.003247002535159350562754543290111541864462196826934814453125
0.003267765666156226267435869203836773522198200225830078125,0.0032271138269486521199524986514006741344928741455078125,0.003319174920061650387037577303317448240704834461212158203125,0.003246138929773404076251086536331058596260845661163330078125
0.003264227111313833772088255358312380849383771419525146484375,0.00326119747659769053382827763698514900170266628265380859375,0.003266615012220599155445821537568917847238481044769287109375,0.003253189369412050509222655847452188027091324329376220703125
0.0032539928311651924834613236470204356010071933269500732421875,0.0033050823997485142234642463421323554939590394496917724609375,0.00324746810527199065987691284362881560809910297393798828125,0.0032951675864616295809350621226485600345768034458160400390625
0.00325720138846437474999806482856001821346580982208251953125,0.0032074138908760332043745844288196167326532304286956787109375,0.0032373321112383252919075804499016157933510839939117431640625,0.003293224429831708398308531826614853343926370143890380859375
0.0032919298242673100847455192052848360617645084857940673828125,0.003200820303794003028607928484916556044481694698333740234375,0.003214665286007406357071669589231532881967723369598388671875,0.0032089961547902279281885284945019520819187164306640625
0.00321356047263083970111363640853596734814345836639404296875,0.0032611654906296700349999095891462275176309049129486083984375,0.00321236697794485652479590243046914110891520977020263671875,0.00327829319923056243524239761200078646652400493621826171875
0.003266134245152485515717444286565296351909637451171875,0.003265424280053246496036134516316451481543481349945068359375,0.003211997515827289158274471247977999155409634113311767578125,0.0032565812095536740382317741904216745751909911632537841796875
0.0032584953086081309449328902161369114764966070652008056640625,0.0031939492161375342658968801146102123311720788478851318359375,0.00325384258779397132765875966242674621753394603729248046875,0.0033437134999037419931522396865375412744469940662384033203125
0.0032280535871240727090192290660297658178023993968963623046875,0.003252914600859612044569946220917699974961578845977783203125,0.003277441560734241886299056289999498403631150722503662109375,0.00331282689208430188021470286230396595783531665802001953125
0.0032467895548539608789606614180911492439918220043182373046875,0.003259609812243599753778244831892152433283627033233642578125,0.0033203312789646531773268822718137016636319458484649658203125,0.00328796524601489281725008595458348281681537628173828125
0.0032472393792109476538809698098475564620457589626312255859375,0.003267173470245010417911668554324933211319148540496826171875,0.0032982074073885127296623664960861788131296634674072265625,0.0032308795173315030258009983299416489899158477783203125
0.0033155312905511912131839569184421634417958557605743408203125,0.0032539693821010411307892429277899282169528305530548095703125,0.0033189874965583710496319636007456210791133344173431396484375,0.0032267696833056624776403520371559352497570216655731201171875
0.0032735092359426911333419862870641736662946641445159912109375,0.0032364071934838476059248524308031846885569393634796142578125,0.00322094839182063101545860916985475341789424419403076171875,0.0033385451080767563659945640353043927461840212345123291015625
0.00326682824778341644733625770413709688000380992889404296875,0.0033058546004098589808639641063336966908536851406097412109375,0.003308551930144509010955911065821055672131478786468505859375,0.00326980236996899341350708567688343464396893978118896484375
0.003271879609683015117937987525920107145793735980987548828125,0.003257665475763896027749932926553810830228030681610107421875,0.0032458302431989370130660521596155376755632460117340087890625,0.003259235960935714764008519495064319926314055919647216796875
0.0031770963762288904029540415052679236396215856075286865234375,0.003306578832561747095797333173550214269198477268218994140625,0.0031831015112125517034502575342003183322958648204803466796875,0.003306405185332372820283808323438279330730438232421875
0.0032461339422486276511115033116539052571170032024383544921875,0.0032435342926282919977232221953045154805295169353485107421875,0.00327148939761247488366979752072438714094460010528564453125,0.00330671118065119402917861890500716981478035449981689453125
0.003316482503187314669068630479387138620950281620025634765625,0.0033071022486542696154632192673261670279316604137420654296875,0.003335964267629630553013697635833523236215114593505859375,0.0032029513072225393975622775855072177364490926265716552734375
0.003273628976071497713451474709245303529314696788787841796875,0.003331887024573931821436190148233436048030853271484375,0.0031989234090897427677246955823875396163202822208404541015625,0.0032337538260530616918142499116584076546132564544677734375
0.0031987379207208820226793211105587033671326935291290283203125,0.003291274102364185986935307681733320350758731365203857421875,0.0032936395465212042754643562147975899279117584228515625,0.003303482972327014856317450863798512727953493595123291015625
0.00322147021276870081096799225406357436440885066986083984375,0.003195272601375518696509292482232922338880598545074462890625,0.0032030948428936087228613427413392855669371783733367919921875,0.003213554767938550833783484250716355745680630207061767578125
0.003249733836574655344853201910382267669774591922760009765625,0.003252235320460087307503638243133536889217793941497802734375,0.0032111854573548541565142233622509593260474503040313720703125,0.003218584856451015170641927198857956682331860065460205078125
0.0032239681167178188027355734135426246211864054203033447265625,0.0032037494754335554651702988593342524836771190166473388671875,0.0032004203450806574526854575424295035190880298614501953125,0.0031944421893622294839065745009065722115337848663330078125
0.0033651829846654914869807928567979615763761103153228759765625,0.003310358936275671799809305895223587867803871631622314453125,0.0031999117427615841706411980993607357959263026714324951171875,0.003303353715743882756950000612050644122064113616943359375
0.0032339194948823764275136483092865091748535633087158203125,0.0032229860125959071230627994708584083127789199352264404296875,0.0031994952735787986208837452295483672060072422027587890625,0.0032915553305921073368178753071333630941808223724365234375
0.00321143391435687979018620552551510627381503582000732421875,0.0032607116446537703739749769482614283333532512187957763671875,0.0032705046351558619659172233440358468214981257915496826171875,0.00318806535312284554384287815764764673076570034027099609375
0.0032279366234449365612169113859408753341995179653167724609375,0.003249789878979734807085133496684647980146110057830810546875,0.0032541808003640026840386223483392313937656581401824951171875,0.0032868114181963093388405550143716027378104627132415771484375
0.0032577121765146161390391821299772345810197293758392333984375,0.0032610356655284069259115309336038990295492112636566162109375,0.0033302582255509238610968747451579474727623164653778076171875,0.003191445885512979134535083147738987463526427745819091796875
0.0032076081563105159934201626725780442939139902591705322265625,0.0033148528943443681706038095313715530210174620151519775390625,0.003282397009671166911159989609814147115685045719146728515625,0.0031817415116315119795464827490150128141976892948150634765625
0.0032540233859176923188194496816549872164614498615264892578125,0.0032299557713526502213119417916686870739795267581939697265625,0.0033571467351418975318122495110628733527846634387969970703125,0.00320750271511269398339027958400038187392055988311767578125
0.003331542540412595586329924657320589176379144191741943359375,0.0032053412044119322654722736842813901603221893310546875,0.0032757297865647068239869366124139560270123183727264404296875,0.003210668159213649064387396947495290078222751617431640625
0.0033426895162004502566610586455908560310490429401397705078125,0.0032787730179797210279535324417565789190120995044708251953125,0.0032567112558110314531056861397928514634259045124053955078125,0.003210254993176487291195453366299261688254773616790771484375
0.00326909926937732527030266993506302242167294025421142578125,0.0032160128591331512033779649328835148480720818042755126953125,0.0032125041635539283539635402320300272549502551555633544921875,0.0032222385203518606570927129695292023825459182262420654296875
0.003278083955535149481008705407703018863685429096221923828125,0.0032818811037852169132378321592113934457302093505859375,0.003235326682830735704754498982538279960863292217254638671875,0.00320964254805818256788274567270491388626396656036376953125
0.0033324182092355210220435690615659041213802993297576904296875,0.0032786181417831365171589030893528615706600248813629150390625,0.0031953771791747181442444603050034857005812227725982666015625,0.003265902338462234148763752017430306295864284038543701171875
0.0032763909890996130956641874121260116226039826869964599609375,0.00319669899863604146939000116844908916391432285308837890625,0.0031937523900291424523711913963097686064429581165313720703125,0.003253398578021172819763062733500191825442016124725341796875
0.003257169170180419966176277313252285239286720752716064453125,0.003247932439462098037907811232116728206165134906768798828125,0.0031810628474551183586527258739806711673736572265625,0.0031724953346536498462182596114189436775632202625274658203125
0.00321449014664969452692577789321148884482681751251220703125,0.003223614895437286465007531433002441190183162689208984375,0.003270111752583349830347803077756907441653311252593994140625,0.0032104373122705813677069119904672334087081253528594970703125
0.003196079689247546297414803717629183665849268436431884765625,0.003193086438015370863430231196389286196790635585784912109375,0.003242346515582150874579259181018642266280949115753173828125,0.0031989530644456688930621357513928160187788307666778564453125
0.003191371709982078475054123600784805603325366973876953125,0.003115147472258237258679880454792510136030614376068115234375,0.0032053095422504285227915943323750980198383331298828125,0.0032176855314574128764937288593728226260282099246978759765625
0.0031219501520357664271776432229899000958539545536041259765625,0.0032028008948141377214280378638022739323787391185760498046875,0.0031774819657891689196616002988093896419741213321685791015625,0.0032342694006802677302025994521272878046147525310516357421875
0.0032228353057456395926172465493664276436902582645416259765625,0.00319431260590911925145718441854114644229412078857421875,0.003268347480130437583689673175513235037215054035186767578125,0.00326881470374233533415786467912766966037452220916748046875
0.003261858497413308750900728938404427026398479938507080078125,0.0031883147489290462016364724462391677661798894405364990234375,0.003118950887592291006111810958145724725909531116485595703125,0.003228971471465326599503686821890369174070656299591064453125
0.00323950826927619540962499655734063708223402500152587890625,0.00321748591314141574315499383374117314815521240234375,0.003198009915391841241627535197267206967808306217193603515625,0.0032106044882596923746576056402091126074083149433135986328125
0.0032203993850544953246595181184375178418122231960296630859375,0.0031399964455926855123879537501352388062514364719390869140625,0.003190742290091942538754476998974496382288634777069091796875,0.0031602517426272233765083274903417986934073269367218017578125
0.0031940905510577416621942337116024646093137562274932861328125,0.003200189598302101423588084117000107653439044952392578125,0.0031871524755401133173482453031510885921306908130645751953125,0.00322938908237495499176095137272568535991013050079345703125
0.0032907484667092147014033631791107836761511862277984619140625,0.003177362293436161201631851014326457516290247440338134765625,0.0031376635073878176955541885462253048899583518505096435546875,0.0031878112147285752285552629103904109797440469264984130859375
0.0031440326024908551126590960933526730514131486415863037109375,0.0031805912283582606601972653237453414476476609706878662109375,0.0032003953191440588123273247589395396062172949314117431640625,0.0031818427902368744651651066845943205407820641994476318359375
0.003186421237980767949549143480680868378840386867523193359375,0.0031966905773228812027986212029873058781959116458892822265625,0.003177269454082191912913657461103866808116436004638671875,0.003243993331778465515069509450540863326750695705413818359375
0.00315576402055221805209583862961153499782085418701171875,0.0031523618262042038019876688537124209688045084476470947265625,0.0031221514613642511494495668245008346275426447391510009765625,0.0032135535299662658197117348635174494120292365550994873046875
0.003192878851368951588496347682166742742992937564849853515625,0.003205967965337597723463058940751579939387738704681396484375,0.0032372096346301726388361430508666671812534332275390625,0.0031940414619270334102563158040766211342997848987579345703125
0.0032202393276455098559962753057561712921597063541412353515625,0.0032209124113108419766582368737317665363661944866180419921875,0.0032540071890912770913306673037368454970419406890869140625,0.003130454721107274983216139929709243006072938442230224609375
0.0031816994915596398529888944040067144669592380523681640625,0.003155848599223322163698224329664299148134887218475341796875,0.00320075310286829610439962578993799979798495769500732421875,0.0032545435004606017119488381439396107452921569347381591796875
0.003297163441032959808885127728217412368394434452056884765625,0.0031764267048409668310615661113160967943258583545684814453125,0.0031610714132667291041689505703971008188091218471527099609375,0.0031792348876562505528842184077120691654272377490997314453125
0.003180531539993386273834641286839541862718760967254638671875,0.0032087705890123190653751006351512842229567468166351318359375,0.00319298302827312856233543669759455951862037181854248046875,0.0031652827111253987492356376520774574601091444492340087890625
0.0032069328106388698441941986772008021944202482700347900390625,0.003149863322091338117825198850141532602719962596893310546875,0.0032255050496766851132746101171733243972994387149810791015625,0.0032433076355353374249645970195388144929893314838409423828125
0.0031735349593165775548830875862904576933942735195159912109375,0.0032281226415551262341752103424141751020215451717376708984375,0.0032081326663396885455481477578132398775778710842132568359375,0.003219866864250092546029247131400552461855113506317138671875
0.0032453568563658914160330315468172557302750647068023681640625,0.003294935726816774872183213318521666224114596843719482421875,0.003167789725161158399802108220910668023861944675445556640625,0.00315542689490839155241896918369093327783048152923583984375
0.003170707819627625358160916135830120765604078769683837890625,0.0031927383764989735771833156974253142834641039371490478515625,0.00320746688758756504089575400939793325960636138916015625,0.003121729523350017139471379579163112794049084186553955078125
0.0031731850612549024337472047818664577789604663848876953125,0.00319905317351984637419537449432027642615139484405517578125,0.0031815217398888724804895122844072830048389732837677001953125,0.003161976587994539712733743641592809581197798252105712890625
0.0031962871061280121072478710431141735170967876911163330078125,0.0031877255585917294890274664709295393549837172031402587890625,0.0031729406112994767118207217748704351834021508693695068359375,0.00318435777460140088945816927434862009249627590179443359375
0.0031627931560842086067264489201988908462226390838623046875,0.0032781996217663002084197199081927465158514678478240966796875,0.003220877704851504881589097095684337546117603778839111328125,0.003225165013038149008917088167436304502189159393310546875
0.0031813585096309815285209321444881425122730433940887451171875,0.00321912631710935016882135784044294268824160099029541015625,0.0031535184152049525706240640232635996653698384761810302734375,0.0031395364047798637700814605722143824095837771892547607421875
0.003251208576573458471081767839905296568758785724639892578125,0.0031894394473781528288880426913465271354652941226959228515625,0.0032065483434616320022880753271010689786635339260101318359375,0.0032868499427288863819207609395789404516108334064483642578125
0.003221740118000985565738236715560560696758329868316650390625,0.003253251062869918878994734967591284657828509807586669921875,0.0031999781589941741870297686745061582769267261028289794921875,0.003187399932712589069316866385861430899240076541900634765625
0.0031615600547405552957214158737997422576881945133209228515625,0.0031119233062732432580632657703745280741713941097259521484375,0.0031767970233796574523743583284840497071854770183563232421875,0.00329126696471011663536199165491780149750411510467529296875
0.0031626884995434438076211680623828215175308287143707275390625,0.00321548147017812480097376237608841620385646820068359375,0.003176226807353664700894757544347157818265259265899658203125,0.003169155554490372776743623006723282742314040660858154296875
0.0032839194899993233954516025363545850268565118312835693359375,0.0030998976143829068581603269905144770746119320392608642578125,0.0032057188930782660497842417868241682299412786960601806640625,0.0032111473122598231666469104084171704016625881195068359375
0.00321071011112608779847210627167441998608410358428955078125,0.0032336447069977280847907774585792139987461268901824951171875,0.003211588194412411112477201413639704696834087371826171875,0.003284644001801035641252557439884185441769659519195556640625
0.0031419673892783129935668551269145609694533050060272216796875,0.0031952816502460990553957653759198365150950849056243896484375,0.0032236040014355696846359844442986286594532430171966552734375,0.0031606800202690411329131681128501440980471670627593994140625
0.0031358797191346821954527346321128788986243307590484619140625,0.0031988493795549921734633347369936018367297947406768798828125,0.0031826196832115787038741672176911379210650920867919921875,0.0033071521059704878618690226943499510525725781917572021484375
0.00322936608150781699622111631242660223506391048431396484375,0.00320847997858497886725093195536828716285526752471923828125,0.0033057697021298937910260828942909938632510602474212646484375,0.00315818968807286999667116589307624963112175464630126953125
0.003109217038533832432045667104603126063011586666107177734375,0.003247372301881555449465377449769221129827201366424560546875,0.0032274410498798456435609605108538744389079511165618896484375,0.003169971496698836301020296701835832209326326847076416015625
0.0030947391356991519988095529214433554443530738353729248046875,0.0031591742778784757082755074719671029015444219112396240234375,0.003190180021754004772993607019770934130065143108367919921875,0.0032398594100926576301591186535233646281994879245758056640625
0.003182736106940052545066777156534953974187374114990234375,0.003167283660879662531006939474309547222219407558441162109375,0.0032208825755523189104945203098395722918212413787841796875,0.003215219391433983379957606274501813459210097789764404296875
0.0031991206387344179630505269784634947427548468112945556640625,0.003180178885656185193420153467513955547474324703216552734375,0.0032266415091887147743865416060771167394705116748809814453125,0.003239342193006734815785563341705710627138614654541015625
0.0031654349254088749200664043570441208430565893650054931640625,0.00325633981597823161935334468353175907395780086517333984375,0.00327325271163825433362593031461074133403599262237548828125,0.0031989343341727806586949345302173242089338600635528564453125
0.0032896462126202658145246449095111529459245502948760986328125,0.0032396847736694167792237397662802322884090244770050048828125,0.00323871792019395261796876894777597044594585895538330078125,0.0032216431140368040342281119592371396720409393310546875
0.0032186353803154480433812434370111077441833913326263427734375,0.003119951547766460810129363068199381814338266849517822265625,0.0032662725652491462861870541445341586950235068798065185546875,0.003230256300334293818876663095807089121080935001373291015625
0.0031195111942168419864873651903280915576033294200897216796875,0.0032521878814878320794468091747830840176902711391448974609375,0.0031432823308632502727621993443563042092137038707733154296875,0.00317946576313403277136426794413637253455817699432373046875
0.003159158400821670577285349423846128047443926334381103515625,0.00327193805736110399084992650386993773281574249267578125,0.00319203307311730251349946030359205906279385089874267578125,0.0032431040166623985830651744066699393442831933498382568359375
0.0032033716485568102493031172883775070658884942531585693359375,0.0032064168077291133225614760959842897136695683002471923828125,0.0032002516760399161988015492852355237118899822235107421875,0.0031564822733421544175003159438119837432168424129486083984375
0.003179389806069268971377983490356200491078197956085205078125,0.00318338043944659497552773785855606547556817531585693359375,0.003226518156864429699715035582130440161563456058502197265625,0.0032978650469538376040212757089875594829209148883819580078125
0.0031556354353729494481572981356976015376858413219451904296875,0.0031710078761470069340366872978620449430309236049652099609375,0.0031847288005232951731138246742602859740145504474639892578125,0.0032227744008001026065901584161110804416239261627197265625
0.0032095722753417636578798788349331516656093299388885498046875,0.0032277072247708991740988704322035118821077048778533935546875,0.00320070380070108621850533126007576356641948223114013671875,0.0031625558628474233387184444410422656801529228687286376953125
0.0032318667863154991633234391912310456973500549793243408203125,0.0032080856123702220818183494799313848488964140415191650390625,0.00323179572995875748209204658678572741337120532989501953125,0.0032331847604899536206823906780982724740169942378997802734375
0.0031875219032796524819273198403379865339957177639007568359375,0.003219449870352078697799402817736336146481335163116455078125,0.0031631366719679144573762474834666136302985250949859619140625,0.00327290201211953568627421873316052369773387908935546875
0.003155102875591124685084043477445447933860123157501220703125,0.0032872973033624846607436698064930169493891298770904541015625,0.003231346761400734519942279376891747233457863330841064453125,0.0031736940035112571646680468262502472498454153537750244140625
0.0033057517282272688534383586755893702502362430095672607421875,0.0032130477899566414583254481129870328004471957683563232421875,0.00320908346767458281523222041187182185240089893341064453125,0.003119409834379946282190143591606101836077868938446044921875
0.0032240301296955352523820881316396480542607605457305908203125,0.0032100836403047548241185271677977652871049940586090087890625,0.003115265863840644723625761258745114901103079319000244140625,0.00323669396298074951712209212928428314626216888427734375
0.0032523322751418890126651195515705694560892879962921142578125,0.003218114631051039765952115345726269879378378391265869140625,0.003190048977944539600193341044587214128114283084869384765625,0.0031861021950457565736491982733014083351008594036102294921875
0.00313426013361410571445020423198002390563488006591796875,0.0032100298185611555838725461597960020299069583415985107421875,0.0031819057920154211922814102564416316454298794269561767578125,0.0032154957423639967360740055113410562626086175441741943359375
0.003121294739102146824361039278983298572711646556854248046875,0.003270595315034403351150960048698834725655615329742431640625,0.0031968757914422160811007689318330449168570339679718017578125,0.0032212097107984440265415759796496786293573677539825439453125
0.003198436490769969615943768559418458607979118824005126953125,0.0032469442866917106078894494913811286096461117267608642578125,0.003179936349671223794199903522894601337611675262451171875,0.003138733304473417286273306814337047399021685123443603515625
0.0032475658575771555562627934676811491954140365123748779296875,0.0032309648843547307366097509628843909013085067272186279296875,0.0032056279727794485291669790427704356261529028415679931640625,0.0032588425592485355773708644022690350539050996303558349609375
0.0032469146117737775203426764392133918590843677520751953125,0.0032528149401219153512287984852946465252898633480072021484375,0.0031864918343266755186571348446022966527380049228668212890625,0.0032302482576423738151738529467138505424372851848602294921875
0.003223876189206649998941767165661076433025300502777099609375,0.00316231483493699394582421291488572023808956146240234375,0.0032703538124301645244329517225878589670173823833465576171875,0.0031505154287643963827159065971272866590879857540130615234375
0.0031784057000768680366353802213552626199088990688323974609375,0.0031986388013114821875226834180239166016690433025360107421875,0.003315608595877481308555889683020723168738186359405517578125,0.0032220550712670731167974746966820021043531596660614013671875
0.003267915715937145214320391772844232036732137203216552734375,0.00327298251137602032312390321067141485400497913360595703125,0.0031545333919995124406787656567985322908498346805572509765625,0.0032064690054656903861474148698107455857098102569580078125
0.0032449040276218495300331046138353485730476677417755126953125,0.0031592932797236349638791974570040110847912728786468505859375,0.0032320906391365262187720386322098420350812375545501708984375,0.0031291993344519076179766070566756752668879926204681396484375
0.003176751934029053980879098162404261529445648193359375,0.003270975426517114779956241221725576906464993953704833984375,0.0031602511335686238151676530350187022122554481029510498046875,0.0032507923092832953330943990266632681596092879772186279296875
0.003167729995608071884294343334431687253527343273162841796875,0.003190451812198991619895505067461272119544446468353271484375,0.0031843202537952908053042744285221488098613917827606201171875,0.003136499537793332494095555063040592358447611331939697265625
0.00323910660497827955495164786725581507198512554168701171875,0.0032186317013461070678237430087165193981491029262542724609375,0.003145955833933200031238275329315001727081835269927978515625,0.0031970570687799679428231502953394738142378628253936767578125
0.0032357448324346386146765919278323053731583058834075927734375,0.00315005848533084394091918767344395746476948261260986328125,0.0032439830719558936968083262541995281935669481754302978515625,0.0032599061904600708065860015238968117046169936656951904296875
0.0032507606359389990512143153722490751533769071102142333984375,0.00321201335725212165639330663680084398947656154632568359375,0.0031910559097173009888981365378413102007471024990081787109375,0.00319426508685486700012123861824875348247587680816650390625
0.003223448379049156063691494722434072173200547695159912109375,0.0032334880064824795577183014216871015378274023532867431640625,0.0032866269881533433962206292022756315418519079685211181640625,0.003112009929920029650818324995498187490738928318023681640625
0.0032189370375278573976896012709403294138610363006591796875,0.00320703640786112499638793593703667283989489078521728515625,0.003131862146249130007813477050149231217801570892333984375,0.003198964580779597478843445657048505381681025028228759765625
0.0032095133832056462440396327195912817842327058315277099609375,0.0032218239990907207061232586653432008461095392704010009765625,0.0032125038217304426046982968045995221473276615142822265625,0.003230285130930114247116424763817121856845915317535400390625
0.0032413880112212608945732039700260429526679217815399169921875,0.0031613184923105059308257036576605969457887113094329833984375,0.0032253328044797198448367936407521483488380908966064453125,0.003212050256936638779892145834082839428447186946868896484375
0.0031865974119138738840373292759977630339562892913818359375,0.003262705944760710928542746245284433825872838497161865234375,0.00320349962118800409005547891183596220798790454864501953125,0.00323361549890532722073555049746573786251246929168701171875
0.00338809250379557523602525037631494342349469661712646484375,0.00336982259521991824036124540953096584416925907135009765625,0.00334360026233355457636609031624175258912146091461181640625,0.00338806406250884151187818815742502920329570770263671875