0.0160106386206045718523238718944412539713084697723388671875,0.015616644355228526119816478967550210654735565185546875,0.0153333977977485151622527581594113144092261791229248046875,0.016093064723729490206327596979463123716413974761962890625,0.015513776596926341644344660153365111909806728363037109375
0.017316718972707444146319488709195866249501705169677734375,0.0146928053324921724376306286785620613954961299896240234375,0.01397110321447060828081720984528146800585091114044189453125,0.0158458598532473481090843137053525424562394618988037109375,0.01427223805125738161081461186086016823537647724151611328125
0.0152762386007665451614911944488994777202606201171875,0.0140513453434925293661361678232424310408532619476318359375,0.0159828229837746076114068927154221455566585063934326171875,0.0167110202991041616182865681139446678571403026580810546875,0.0120480959959603887987622528044084901921451091766357421875
0.016787806887773877584368875659492914564907550811767578125,0.0134806882052630160051531760245779878459870815277099609375,0.0157520168745442223912078816283610649406909942626953125,0.01454143363831255676699161227816148311831057071685791015625,0.016055626906614724191957321863810648210346698760986328125
0.01506407925767355542034930948602777789346873760223388671875,0.0157144417824143824147231640608879388310015201568603515625,0.0175544576815310111872481257933031884022057056427001953125,0.0176924512044653210740552395918712136335670948028564453125,0.016655712627954476212632783926892443560063838958740234375
0.0161918187880004948997481051264912821352481842041015625,0.015584930147472038364231394780290429480373859405517578125,0.0158968302473671864449844548516921349801123142242431640625,0.01393142869621635630827949370313945109955966472625732421875,0.0149608531352494293631405497535524773411452770233154296875
0.01496962790506589126293679470336428494192659854888916015625,0.0154227173834679508190870222961166291497647762298583984375,0.014957592507008725390971193291989038698375225067138671875,0.014265893620951534959129247681630658917129039764404296875,0.014589832274867479966484751230382244102656841278076171875
0.0179704520149995584932245407117079594172537326812744140625,0.015442153898492329278102630496505298651754856109619140625,0.0163798598578386474244883430628760834224522113800048828125,0.0153442226633489393894382857297387090511620044708251953125,0.01355136198292196392234387758435332216322422027587890625
0.01598347776011622978220572122154408134520053863525390625,0.0172058285466220872717002521312679164111614227294921875,0.01476629175598162362070819852988279308192431926727294921875,0.0157618749406733989204543178175299544818699359893798828125,0.016636339750373652091042231404571793973445892333984375
0.01791083435090497222308414393410203047096729278564453125,0.01451006693763599343649506323572495603002607822418212890625,0.01525758919117257104980378557002040906809270381927490234375,0.01559802605280409017185494491286590346135199069976806640625,0.017049171346355647405079736245170352049171924591064453125
0.018079261306417564181270307699378463439643383026123046875,0.0160975494137219309054298577166264294646680355072021484375,0.01498971772372163779873943667553248815238475799560546875,0.016246671317062054418212113660047180019319057464599609375,0.01496645633131672530058420278464836883358657360076904296875
0.0165615876558937898110901443260445375926792621612548828125,0.01566345263098826989800471665148506872355937957763671875,0.0139439863901750192576312059600240900181233882904052734375,0.01547297696831800330186101888330085785128176212310791015625,0.0170691111613030799265544601439614780247211456298828125
0.014863570601794391656813587587748770602047443389892578125,0.0166545275692658971411486135139057296328246593475341796875,0.01647351997802182221875000323052518069744110107421875,0.0150569107809785628082632769064730382524430751800537109375,0.0151917334513320435862571144980393000878393650054931640625
0.016591190627651554445609605181743972934782505035400390625,0.0160749889878916661645202879071803181432187557220458984375,0.01454181362619051155748994830219089635647833347320556640625,0.0159974615815953076503053154056033235974609851837158203125,0.01500728942592654928389617197126426617614924907684326171875
0.0168483629176044147346402723997016437351703643798828125,0.01560771893628835720047032253887664410285651683807373046875,0.0170350078568601674688931524315194110386073589324951171875,0.0163411379616811569537304649202269501984119415283203125,0.01394228850592042767697620320177520625293254852294921875
0.0156213598310202712859950935353481327183544635772705078125,0.01917604755147596373721086138175451196730136871337890625,0.015292717178952634771160745685847359709441661834716796875,0.016932449229607467178215784997519222088158130645751953125,0.016002666492110177720586960958826239220798015594482421875
0.017254814909953231083505897913710214197635650634765625,0.01632810547733705430761830257324618287384510040283203125,0.0151580170631056311558726434896016144193708896636962890625,0.0159759470146384092992253300735683296807110309600830078125,0.01536106207859811757787671382402550079859793186187744140625
0.01495595255639660392521506082630367018282413482666015625,0.0148513223078059718174070980012402287684381008148193359375,0.01378538235029107446305562945099154603667557239532470703125,0.01394618141025782791231346635640875319950282573699951171875,0.01572066615587115745444890535509330220520496368408203125
0.0142334938596770758933995892903112689964473247528076171875,0.015959977307279334113321311861000140197575092315673828125,0.01596836585806875319359932063889573328197002410888671875,0.01421419117773025340978332309305187663994729518890380859375,0.0145767048089783003705921515802401700057089328765869140625
0.01538293451956806480451778185170041979290544986724853515625,0.0156836803151715609150329555632197298109531402587890625,0.01483360470568117865652890685623788158409297466278076171875,0.0158322296618031155279737731689237989485263824462890625,0.01356494130096935930851476115321929682977497577667236328125
0.0162228497874087607133475330556393601000308990478515625,0.0166724329848601283965425778887947672046720981597900390625,0.0172314198098725800123443008260437636636197566986083984375,0.01742900815956276161511340205834130756556987762451171875,0.0149913906721926802612099294265135540626943111419677734375
0.0175130115708519058792536071678114240057766437530517578125,0.0153640354551220215117979250862845219671726226806640625,0.01559029099199323205315881324395377305336296558380126953125,0.0137245841408029818631053586841517244465649127960205078125,0.016841468995629271798719628350227139890193939208984375
0.0177854109085129781508971547054898110218346118927001953125,0.014911780179078827635041903931778506375849246978759765625,0.015972483550784122297017120217788033187389373779296875,0.0156549691764339450605891812529080198146402835845947265625,0.0157614193362554007304954239998551202006638050079345703125
0.01662365896273389209714110847926349379122257232666015625,0.01673735469666148834022578739677555859088897705078125,0.0162922114172344457971863818102065124548971652984619140625,0.0160752943114454600881391144184817676432430744171142578125,0.01561752463697412170173794976335557294078171253204345703125
0.01533843036599930910457434407589971669949591159820556640625,0.01661903264707591254545349102045292966067790985107421875,0.015575141255692183384073956631254986859858036041259765625,0.0160513785061608439674873949343236745335161685943603515625,0.0167278798070409802367652929433461395092308521270751953125
0.0176841360313303719298261285075568594038486480712890625,0.0147658726501974126021909938799581141211092472076416015625,0.0156346775670241945610516864917372004128992557525634765625,0.014572772354599271282804551219669519923627376556396484375,0.01559184416201304414217876370685189613141119480133056640625
0.016406265640083579626651300031880964525043964385986328125,0.0171728822634922180523364687587672960944473743438720703125,0.015804614904457454926944848239145358093082904815673828125,0.01672631529988462262270587643797625787556171417236328125,0.0162483749955496976913327245028995093889534473419189453125
0.01571772770682723641133549108417355455458164215087890625,0.0154672443902693253214852830978998099453747272491455078125,0.018123375690967898077321507344095152802765369415283203125,0.01507892387825925627209411317153353593312203884124755859375,0.0167447359843191645456528249269467778503894805908203125
0.016687777285881520705768110701683326624333858489990234375,0.0164987813220095723421021460808333358727395534515380859375,0.0126622342947874770568983393559392425231635570526123046875,0.01488780207055136368954340042591866222210228443145751953125,0.0153630212985158935701246463167990441434085369110107421875
0.01726215377609581491658019558599335141479969024658203125,0.01560491607188590514054826741130455047823488712310791015625,0.016633455287357545859805441068601794540882110595703125,0.01370647103803325668469614839750647661276161670684814453125,0.01306937787579998296039196503670609672553837299346923828125
0.0158102099794204982441403473103491705842316150665283203125,0.01424164439255131038575274970980899524874985218048095703125,0.0163592882849100083875182320980457006953656673431396484375,0.016170565956601525015035036858535022474825382232666015625,0.0163174253591433539301025490431129583157598972320556640625
0.0168283494492629838445996171003571362234652042388916015625,0.014069278865892785590485658531179069541394710540771484375,0.016822519291326921975215924476287909783422946929931640625,0.013500837826758982362918004582752473652362823486328125,0.015327856383396121220386021377635188400745391845703125
0.0163067479187333948253968429753513191826641559600830078125,0.01509918985811287660270263444317606627009809017181396484375,0.0159955598933570197761611098030698485672473907470703125,0.014880813989195475210980390556869679130613803863525390625,0.01853628605475522717060954391854465939104557037353515625
0.0164810280024809650833983454276676638983190059661865234375,0.0180542941275167977133175867265890701673924922943115234375,0.01477386485742840198376324423179539735428988933563232421875,0.0172967109883454366048294303936927462927997112274169921875,0.0165205055242679497984337189109282917343080043792724609375
0.0162115723054064575503474543438642285764217376708984375,0.016279896357279395602279947752322186715900897979736328125,0.015830577258076621027793606799605186097323894500732421875,0.01547473488495905435957666895774309523403644561767578125,0.0181187250196956084469235292999655939638614654541015625
0.01539610020982298994873804787175686215050518512725830078125,0.0148675644289119716912050961354907485656440258026123046875,0.01474018687069509302156600227817762061022222042083740234375,0.0156857006852836634858139319703695946373045444488525390625,0.01531827574935339109085674635934992693364620208740234375
0.01469199061491410600310825174119599978439509868621826171875,0.0149670007653632773647611742262597545050084590911865234375,0.016320824848880054191990751633056788705289363861083984375,0.0142899406357460921623836469507295987568795680999755859375,0.0157202841766668210965463003958575427532196044921875
0.01496684129708509940204219645920602488331496715545654296875,0.0180652763015726781914427334641004563309252262115478515625,0.01530032392460686264945568524353802786208689212799072265625,0.017378917308442244638033713499680743552744388580322265625,0.01496265995064733310415672207227544276975095272064208984375
0.015170174638482407381001593194014276377856731414794921875,0.01499489344426650772046372139811865054070949554443359375,0.0178046572431133885705545338851152337156236171722412109375,0.01517936162380433863516859815945281297899782657623291015625,0.0146876721791319823917643105914976331405341625213623046875
0.01388962068867837483521210373282883665524423122406005859375,0.01475322910831974344836314827489331946708261966705322265625,0.013461671045920532707729222465786733664572238922119140625,0.0147265529356625408941017241204463061876595020294189453125,0.0165767309718671575213821967054173001088201999664306640625
0.0169428940849788607636572379533390630967915058135986328125,0.013657971113192703127570126753198564983904361724853515625,0.0149457406403004817996293951409825240261852741241455078125,0.0163458544653035768579041331349799293093383312225341796875,0.0163300139768981049381846304413556936196982860565185546875
0.01653093649962374123152386573565308935940265655517578125,0.0156891194061960261019184059705366962589323520660400390625,0.0148944121302663594341719743852081592194736003875732421875,0.016128141857399948266849065703354426659643650054931640625,0.0171269054263466120879844112323553417809307575225830078125
0.016958059303257978778223247218193137086927890777587890625,0.0174241848903229114287061207733131595887243747711181640625,0.016250818307010438112936157040167017839848995208740234375,0.01560091903474884224289898071447169058956205844879150390625,0.01435887950335455916228699635439625126309692859649658203125
0.015439907720471664209771489595368620939552783966064453125,0.01516741014187299174675871427098172716796398162841796875,0.01478954702515977194521301640861565829254686832427978515625,0.017270883335631925792341689884779043495655059814453125,0.014740675440694940567798454367220983840525150299072265625
0.01463368395220328473105286803956914809532463550567626953125,0.0159654714133861015679105577191876363940536975860595703125,0.01493536172235333976676674438976988312788307666778564453125,0.01449772263807501578025682675843199831433594226837158203125,0.01365148817227447575195498075117939151823520660400390625
0.0150139168508154445536018073426021146588027477264404296875,0.0160925208858213077134369228815558017231523990631103515625,0.017513974059093100066331061270830105058848857879638671875,0.0141801254483441240006325045897028758190572261810302734375,0.018122982292662410952477358705436927266418933868408203125
0.016116006577251963671759682483752840198576450347900390625,0.01478111192897447155603085633401860832236707210540771484375,0.015873341100834291450549784485701820813119411468505859375,0.0165880075362260515081658240887918509542942047119140625,0.016508581253018850265590344861266203224658966064453125
0.0139373124552844805668083694172310060821473598480224609375,0.015943230671358936401116324077520403079688549041748046875,0.01629742386189821090614060494772274978458881378173828125,0.016869615169272746124651263244231813587248325347900390625,0.0125640832443058257650303488617282710038125514984130859375
0.0158377688776730370101564204787791823036968708038330078125,0.0157810581200414912217411256278865039348602294921875,0.01444180584154173933864040435537390294484794139862060546875,0.014127729177826654771710224167691194452345371246337890625,0.0138938733101784499257558280760349589399993419647216796875
0.0153763730933464647099295774523852742277085781097412109375,0.015553464664095184577519148660940118134021759033203125,0.0137094420501384477162343245026931981556117534637451171875,0.017763302073632560029725624417551443912088871002197265625,0.015628844764734424466201545556032215245068073272705078125
0.01669484698375948983350980370232718996703624725341796875,0.0170640198195968380290299393209352274425327777862548828125,0.0158859576403727782711872151821808074600994586944580078125,0.01601177701085558513494078169969725422561168670654296875,0.01538175560139347884669458466078140190802514553070068359375
0.0135734760189510396399814595724819810129702091217041015625,0.0176692942137594115326049148961828905157744884490966796875,0.015645514991607989419009072662447579205036163330078125,0.017277315569244243442792452469802810810506343841552734375,0.0172390186432275251127155257790946052409708499908447265625
0.01507524291615535035060435831155700725503265857696533203125,0.01467696253302378135707773054718927596695721149444580078125,0.0150231553563888002578163849420889164321124553680419921875,0.015469401880494511314356742559539270587265491485595703125,0.016466651883105469511558993644939619116485118865966796875
0.0148202591446115715390074996093972004018723964691162109375,0.01368262075632104869671312741274959989823400974273681640625,0.01608715979545249918913896181038580834865570068359375,0.0127493583379196633031948948655553977005183696746826171875,0.01369568903769188307484316879936159239150583744049072265625
0.0160852404530846919417097495852431165985763072967529296875,0.0168509870387904721333871549404648249037563800811767578125,0.017239569297404021275266217116950429044663906097412109375,0.015631252618931355813369776797117083333432674407958984375,0.01545028025127159927720743581858187098987400531768798828125
0.01527761250360346913235165544620031141676008701324462890625,0.0166574478271341863688803641707636415958404541015625,0.017309314070810648267251252718779142014682292938232421875,0.01579437757596853508790246678472612984478473663330078125,0.01548631774014523100613249795287629240192472934722900390625
0.016177832276915458942223580152131034992635250091552734375,0.0137679663298825756545529230834290501661598682403564453125,0.012520187480522519674064341188568505458533763885498046875,0.0142403674930862388092744907908127061091363430023193359375,0.016993222357447511361439040911136544309556484222412109375
0.0157434164714648876237657049159679445438086986541748046875,0.01514816988690480432933060939149072510190308094024658203125,0.01514457853119649706485905227282273699529469013214111328125,0.017517358706247355970564427707358845509588718414306640625,0.0160470541591093592004302337272747536189854145050048828125
0.01377658784486854130768573867271697963587939739227294921875,0.016730302962598475602362668723799288272857666015625,0.013292819384933297899298310085214325226843357086181640625,0.014273211356344260580808480654013692401349544525146484375,0.01478467155658815500307579071659347391687333583831787109375
0.01400829020341524955295398058296996168792247772216796875,0.0168285059693111006817733965590377920307219028472900390625,0.0156201983669376730234912287187398760579526424407958984375,0.01556124106313949533031415484174431185238063335418701171875,0.01405459597152746396842015741412978968583047389984130859375
0.0166406487551723457352093049621544196270406246185302734375,0.016269497751033319687952172216682811267673969268798828125,0.017141857191881236521791009863591170869767665863037109375,0.016531143767836049829345057560203713364899158477783203125,0.016571974071264296279881733653382980264723300933837890625
0.0135759581195743182779889224320868379436433315277099609375,0.01535695438711918124619071335246189846657216548919677734375,0.0179229403009036440674872636691361549310386180877685546875,0.015849071029938661958613721481015090830624103546142578125,0.013984980696489089646572523406575783155858516693115234375
0.0158697153028237898653163284734546323306858539581298828125,0.01551975775664033059542123993423956562764942646026611328125,0.0142620947874658142440207342360736220143735408782958984375,0.0156612188463580055686197312070362386293709278106689453125,0.0180155372114199248401167352540142019279301166534423828125
0.017465472482714718138741005759584368206560611724853515625,0.016924985954776129715160237765303463675081729888916015625,0.0131449616688088209703888509238822734914720058441162109375,0.01503173971780936979403264786014915443956851959228515625,0.01453378010457935520793881778445211239159107208251953125
0.0135858494356147878334706291525435517542064189910888671875,0.015806940333055817526908271020147367380559444427490234375,0.0173999966402430018830305158417104394175112247467041015625,0.0141709439966460244708645888067621854133903980255126953125,0.01415726890864292715488392815359475207515060901641845703125