0.0175443579032078800228333648192347027361392974853515625,0.0176924671311002625062602788830190547741949558258056640625
0.017762950857884984845469489300739951431751251220703125,0.01555243655948998666993521311496806447394192218780517578125
0.0151301868495407158821119963931778329424560070037841796875,0.016773466791217057914042953825628501363098621368408203125
0.016058889136202784964080336749248090200126171112060546875,0.0168628608904717210148493933274949085898697376251220703125
0.0159583630389347717881687316321404068730771541595458984375,0.015979948401179167039032336106174625456333160400390625
0.0170251052755133469585047123473486863076686859130859375,0.0165222383700186180310875982968354946933686733245849609375
0.0170447840448630198728618978520898963324725627899169921875,0.0157442916494061370402679500557496794499456882476806640625
0.01477455599112202817846384306221807491965591907501220703125,0.01554610397713417080378661694339825771749019622802734375
0.0153444486855105234612839382180027314461767673492431640625,0.01552863464375403394768238030110296676866710186004638671875
0.016326704017256145340386552788913832046091556549072265625,0.0161265317294191530550495627949203480966389179229736328125
0.0159954262571143542015494887209570151753723621368408203125,0.0168085123881170257764683384493764606304466724395751953125
0.0161623632726340428489297806891045183874666690826416015625,0.0167601273863024098631502312173324753530323505401611328125
0.0166600468399735988922483187479883781634271144866943359375,0.0176014035349447393874466882834894931875169277191162109375
0.0166833769594653714973819802480647922493517398834228515625,0.0163665831530210685584858509855621377937495708465576171875
0.01734780430316475163809997184216626919806003570556640625,0.0167701760803181353087776273014242178760468959808349609375
0.0174072988451265293907699316378057119436562061309814453125,0.0164136309216070565286660354331615963019430637359619140625
0.0161342987643750927773123038377889315597712993621826171875,0.0172183416922040699592599821698968298733234405517578125
0.0159096043692368294131256334367208182811737060546875,0.0145902714152568620253891396032486227340996265411376953125
0.0171328966691527868893007990891419467516243457794189453125,0.017827219295190967207620502676945761777460575103759765625
0.017074488130286773202026751050652819685637950897216796875,0.01527759868805088870613584361990433535538613796234130859375
0.017078970852702386740151752064775791950523853302001953125,0.0163452695363117440907618771461784490384161472320556640625
0.017423536356055542573262329142380622215569019317626953125,0.01656049216371484333887309503552387468516826629638671875
0.01502140524192706154404941543134555104188621044158935546875,0.0168102682185541051074206819748724228702485561370849609375
0.0157498760263118202373799903170947800390422344207763671875,0.01720205210343561663677292017382569611072540283203125
0.016426271698180137936784461771821952424943447113037109375,0.01591433271881430300265236610357533209025859832763671875
0.0160263266126912141962268520956058637239038944244384765625,0.0158571424845645285450768113832964445464313030242919921875
0.01669912031883134806431456809150404296815395355224609375,0.0160325838041909217446256974426432861946523189544677734375
0.01557609197747311657877844481845386326313018798828125,0.0162066253655965379631975764596063527278602123260498046875
0.01682327381929650533809450507760629989206790924072265625,0.0166994715837703346095199918863727361895143985748291015625
0.017052976796594059016864974864802206866443157196044921875,0.0163193276282566669677098758484135032631456851959228515625
0.016123259947586621176895960161346010863780975341796875,0.01712105830837527820076360285383998416364192962646484375
0.015870224168711442869206251771174720488488674163818359375,0.016178222851201705390078444679602398537099361419677734375
0.0156284870770234708692303371435627923347055912017822265625,0.0183154944775283969049528565165019244886934757232666015625
0.0167247188908822112807239790299718151800334453582763671875,0.01555120861502575120571822964166130986995995044708251953125
0.016386907492463555213735304505462408997118473052978515625,0.0172256890308406691858511550208277185447514057159423828125
0.01562021287972850148995096475346144870854914188385009765625,0.01465560164382801074112183670195008744485676288604736328125
0.01507868641153831991419398406151231029070913791656494140625,0.0167356299260820080843092938494010013528168201446533203125
0.017422237142692538480748254414720577187836170196533203125,0.01457303470245851877151732622905910830013453960418701171875
0.0167343436012084324782112076945850276388227939605712890625,0.015061599573594375289786739813280291855335235595703125
0.016132896040264264880814693015054217539727687835693359375,0.01665006438771114705144071876929956488311290740966796875
0.0169064927089374421320666641577190603129565715789794921875,0.0159863435135453139934735844462920795194804668426513671875
0.016648798632528626073590061196227907203137874603271484375,0.016875087628989808574697661924801650457084178924560546875
0.0159863616838391182917167299137872760184109210968017578125,0.01709161026680751371831235019271844066679477691650390625
0.01633166573493323447952008109496091492474079132080078125,0.01589413520895273379540668656773050315678119659423828125
0.016832947851827977092664667679855483584105968475341796875,0.0167411799564589659772284591099378303624689579010009765625
0.016878002604531198993509377714872243814170360565185546875,0.0172505811546192593108894897113714250735938549041748046875
0.0165606030490267654153857534993221634067595005035400390625,0.0164513287238803214418414455622041714377701282501220703125
0.0169022087516780654403714123645841027610003948211669921875,0.01689968391367162314775640652442234568297863006591796875
0.0175905675560048095629195330502625438384711742401123046875,0.01797212105450125829708696301167947240173816680908203125
0.0173303802839728064710822508232013205997645854949951171875,0.0177643545644157081764280547986345482058823108673095703125
0.015978375072745742979662963989540003240108489990234375,0.0157201823704740083209596690494436188600957393646240234375
0.0166031986884582725971792882546651526354253292083740234375,0.0161262112457516426644588136696256697177886962890625
0.01745683678734129273824038364182342775166034698486328125,0.01542986810325440959201781510046203038655221462249755859375
0.0161926409053565721618550554694593301974236965179443359375,0.01709930905627717045991431632501189596951007843017578125
0.0158221586967463197226368976089361240155994892120361328125,0.0170652487706609949646985313620461965911090373992919921875
0.0177623578187714979692568562086307792924344539642333984375,0.01704817950475202847915312531767995096743106842041015625
0.017032225258798446010377602988228318281471729278564453125,0.016733852881421422409413679588396917097270488739013671875
0.015717886453038974747808964593787095509469509124755859375,0.01561443112498295780754542505519566475413739681243896484375
0.01508757289956827972454700415028128190897405147552490234375,0.016757561089245788521484570310349226929247379302978515625
0.0162598388863512098578834041973095736466348171234130859375,0.0160766386711775621787268164553097449243068695068359375
0.01488749595277310579233276399691021651960909366607666015625,0.01666457050216563207101216903538443148136138916015625
0.0164667789737821777806825451762051670812070369720458984375,0.016644883121860763741661770609425730071961879730224609375
0.01690465594563440865361059195492998696863651275634765625,0.016256311980075925649469326117468881420791149139404296875
0.01565758401009496869615844616419053636491298675537109375,0.0163703678403084827708280357683179317973554134368896484375
-0.000829424075044571623531453052891038169036619365215301513671875,-0.000533274176379471931234987902570310325245372951030731201171875
-0.000285750993462695660439487621573562137200497090816497802734375,0.00118131169416842087167840436023880101856775581836700439453125
0.0015878436278037454283673657329245543223805725574493408203125,0.00016415273165302772420508226058899481358821503818035125732421875
0.000745295767089792604402631592819261641125194728374481201171875,0.00005118257317131801042986438687876216135919094085693359375
0.000962291860549677950491254119214090678724460303783416748046875,0.000614850772084035387433920138988696635351516306400299072265625
0.00018828203816274427019085424550581819858052767813205718994140625,0.0004612456395279840022476125493966492285835556685924530029296875
-0.0000451020993627957380461314385033944063252420164644718170166015625,0.00115208264275774873754143445836461978615261614322662353515625
0.001701276310810135271311960281082065193913877010345458984375,0.00105601488239991038627085817580564253148622810840606689453125
0.00139513955032186825512552363903751029283739626407623291015625,0.001222899831288564408138253014612928382121026515960693359375
0.000554817079188611272759501513718305432121269404888153076171875,0.000543632962381837797453953964321726743946783244609832763671875
0.00082829773169089426256006536419818075955845415592193603515625,0.000086346789901735440837804436142732811276800930500030517578125
0.000757202130969175830899065005041848053224384784698486328125,0.00008826492754284351034514688461030118560302071273326873779296875
0.000244195549285749591121585932995685652713291347026824951171875,-0.000447326534085375378257953826732773450203239917755126953125
0.0000494263229973924541281980749030111610409221611917018890380859375,0.00053227682838098114466440780034872659598477184772491455078125
-0.000109737775894866242706697512243607661730493418872356414794921875,0.0000454285338690960997201813420520721820139442570507526397705078125
-0.0003000523119929296260444129273992075468413531780242919921875,0.000602994858506458448858811305370863919961266219615936279296875
0.00093657499325717802514390530888022112776525318622589111328125,0.000062978685219196141125384824643873571403673849999904632568359375
0.000807014955692366493973655128257860269513912498950958251953125,0.0020110662952006331909149405845482760923914611339569091796875
-0.00007950371275112927686896935330906899253022857010364532470703125,-0.0004878595543882904210335194061798347320291213691234588623046875
-0.000100476835421971067807515864966916296907584182918071746826171875,0.0016323201918678185463884577899307259940542280673980712890625
-0.00014536723273857760237691427729345150510198436677455902099609375,0.00062627873542257339427308249213410817901603877544403076171875
-0.00017624825481196032019026720405463493079878389835357666015625,0.000321423185167828595783234835181474409182555973529815673828125
0.00180223419773626832886270765499148183153010904788970947265625,-0.0001928390007259546032845898277940932530327700078487396240234375
0.00078295718174421703901277869164232470211572945117950439453125,-0.00019548078719095875817497731663507920529809780418872833251953125
0.000421388823717837941902619736112001191941089928150177001953125,0.00098626998519666699005714605164030217565596103668212890625
0.000635091888050746500131438221359303497592918574810028076171875,0.000874410681646660176320751123313357311417348682880401611328125
0.000567344710419186702178573344923506738268770277500152587890625,0.0009793573358498584846554280147756799124181270599365234375
0.00133945751421970528881322248793139806366525590419769287109375,0.000780266769225900695509945403927076768013648688793182373046875
0.0003312902453132829058181363368618121967301703989505767822265625,0.00008399356838307249430337908524535350807127542793750762939453125
-0.00004899423785724321841160422419392261872417293488979339599609375,0.00096212511174814381413600283821097036707215011119842529296875
0.001012733793167936748036428440400413819588720798492431640625,-0.0003996367242129858390713159632667839105124585330486297607421875
0.0006402174725170131468210410474739546771161258220672607421875,0.000701262906902928861985202502182801254093647003173828125
0.001120442108650241720690932112347582005895674228668212890625,-0.00132445069572897596889282656462683007703162729740142822265625
0.000354241546220539216260903003785642795264720916748046875,0.00133360361781697232298748989620662541710771620273590087890625
0.000650812807756169313909422324826437034062109887599945068359375,-0.000043886968302584564226125063424177596971276216208934783935546875
0.0010891150185595548094408258066323469392955303192138671875,0.0020175344172935565610627062227422356954775750637054443359375
0.0014844876743846263135451213344140342087484896183013916015625,0.0000958326580597614811722617655931344415876083076000213623046875
-0.000544212859455188630898592183626760743209160864353179931640625,0.0017649701077570821572404469179673469625413417816162109375
0.00018089207158494149496434644230902222261647693812847137451171875,0.00180162335597208061489793440301809823722578585147857666015625
0.00049281100324219720941465450181340202107094228267669677734375,0.000502459461071328057635287933635481749661266803741455078125
0.00007129247120900145920537049892828918018494732677936553955078125,0.00098964975156471302226990349737434371490962803363800048828125
0.000331399413420042031862278175680103231570683419704437255859375,-0.000068849860149304041383698515854661081903032027184963226318359375
0.00082418207058013799766460483198216024902649223804473876953125,-0.000352534979433242784581381545905287566711194813251495361328125
0.00060679972254026339449628490996246910071931779384613037109375,0.0012592477309429097286075371897595687187276780605316162109375
0.0000635577441982856255510425658172835028381086885929107666015625,0.0000342057340068042256488352326204704922929522581398487091064453125
-0.000082380037711731057153453916530594369760365225374698638916015625,-0.000275471666187527349130281795197561223176307976245880126953125
0.0002657354150398122676242362860676848868024535477161407470703125,0.00058152169203285093701527586063093622215092182159423828125
0.0002605503793384446255439190753833145208773203194141387939453125,0.000279154744872132064281711194553281529806554317474365234375
-0.000521261749528119876749554517658680197200737893581390380859375,-0.000772612456549371328339004261209765900275669991970062255859375
-0.000211011671993996678849125903099093193304724991321563720703125,-0.000498937637672399012141177809809278187458403408527374267578125
0.0011231549747717423960724492104645833023823797702789306640625,0.001217194494635466701926151955603927490301430225372314453125
0.00020182372367449330475240587556839955141185782849788665771484375,0.0009697199098712664007415629185970828984864056110382080078125
-0.000362600194828286890268154163408098611398600041866302490234375,0.00116234392004651958252292587303600157611072063446044921875
0.00071461790569198545795825960880165439448319375514984130859375,-0.0000584141983743900010113241083598012437505531124770641326904296875
0.000966320035310323896711459656927445394103415310382843017578125,-0.00006774355855181473620892085296674167693709023296833038330078125
-0.000690393975152296343091029573457717560813762247562408447265625,-0.00026842432997650441696413370351592675433494150638580322265625
0.00012674710536978510649723517200726519149611704051494598388671875,0.0002341079466312139000828962398514931919635273516178131103515625
0.001249289076026030738397754049628929351456463336944580078125,0.000867280013822526352380848368994747943361289799213409423828125
0.00159762574345888828941664172589298686943948268890380859375,0.000077623325591159582186040477580490914988331496715545654296875
0.00042191717657292181729855595762046505114994943141937255859375,0.000767631610236405199920728392726232414133846759796142578125
0.00171111118614329020364006606058637771639041602611541748046875,0.00034008078818553700260751693207339485525153577327728271484375
0.00064316659791904405747697826001285648089833557605743408203125,0.00062382678480694454294097628377357978024519979953765869140625
0.00017028912021259165325039186544842095827334560453891754150390625,0.000642722488603774820721536986667388191563077270984649658203125
0.00131310170231157576081759685848737717606127262115478515625,0.0006081304534440133691131080695413402281701564788818359375
0.00742906811904106047228513176605702028609812259674072265625,0.007582378604456306049608205199774602078832685947418212890625