0.01143360884815878934783750509041055920533835887908935546875,0.01149329512884251884574648983061706530861556529998779296875,0.01122648950145748412976498542548142722807824611663818359375,0.0114930530884780023048730157597674406133592128753662109375
0.0110040524098236301708819695477359346114099025726318359375,0.01093016495645733783537156824650082853622734546661376953125,0.01010508137180041697555932245222720666788518428802490234375,0.01125495315502754965775178419562507770024240016937255859375
0.01171897345273112574226548332489983295090496540069580078125,0.01122037373850489315463274664352866238914430141448974609375,0.01098768689608259178924765109286454389803111553192138671875,0.01095246466966219404948201798788431915454566478729248046875
0.01127770420849456313450165367839872487820684909820556640625,0.0114529715412705034027762707182773738168179988861083984375,0.011253583829449360920182954259871621616184711456298828125,0.01118991769781548829831852032157257781364023685455322265625
0.0108594367609256246820503832850590697489678859710693359375,0.01121131746086550563801242930139778763987123966217041015625,0.0116647552285432908047990707700591883622109889984130859375,0.01156430655645472767301118466320986044593155384063720703125
0.01167068367187373834070740485913120210170745849609375,0.01152510374115491009749945305884466506540775299072265625,0.01161799249770126100933520518765362794511020183563232421875,0.01178772981620648287182095970138107077218592166900634765625
0.0113640719804514699065034477598601370118558406829833984375,0.0113104337717866397505783737642559572122991085052490234375,0.01104909986779427887026994170582838705740869045257568359375,0.01089982542795542123925667254979998688213527202606201171875
0.01060738182712851924993646690609239158220589160919189453125,0.0114875096280948156557411010680880281142890453338623046875,0.01136632734813433458220810479133433545939624309539794921875,0.0111413198869398551160703192408618633635342121124267578125
0.01157257006843099948756314887532425927929580211639404296875,0.010811851035276209831437199682113714516162872314453125,0.01154514615721968610884129446958468179218471050262451171875,0.0108580550621432091185081247886046185158193111419677734375
0.011489186959674761723260161261350731365382671356201171875,0.0108238703084968766743312329481341294012963771820068359375,0.01089076076823053233766369629620385239832103252410888671875,0.01119589329140598284173524490370255080051720142364501953125
0.01134900633816476010762297477185711613856256008148193359375,0.0104505631485700967164831354239140637218952178955078125,0.0109719248285580044111053865663052420131862163543701171875,0.01164579436814082262496850006527893128804862499237060546875
0.01082897386704109558841491178782234783284366130828857421875,0.010808108958336774818587144864068250171840190887451171875,0.01127134096460650526660973724801806383766233921051025390625,0.01144474225822692849130479686436956399120390415191650390625
0.0111497805772125709034003904207565938122570514678955078125,0.0110751267601521818928489437894313596189022064208984375,0.01047488295648074836663443676343376864679157733917236328125,0.01105988359587050003096653227885326487012207508087158203125
0.01044414707016450526155804112704572617076337337493896484375,0.0111118343170573015410429462690444779582321643829345703125,0.01160624952436513888931468585496986634097993373870849609375,0.012015003716172388548155680609852424822747707366943359375
0.01128673576790422718174600191787249059416353702545166015625,0.011307660462706876913774323156758327968418598175048828125,0.011364485972803907432027159529752680100500583648681640625,0.011186049884711675439508127283261273987591266632080078125
0.01115030496890924600894567930708944913931190967559814453125,0.010843990865898704700764909603094565682113170623779296875,0.011131654651480214768266563396537094376981258392333984375,0.0110746361613254240552350893267430365085601806640625
0.01134248554153048649251189772257930599153041839599609375,0.01091549767419535722778878295002868981100618839263916015625,0.0113630596056464479304271009141302783973515033721923828125,0.01122555412414738551518667009077034890651702880859375
0.0110477330935165977965350947442857432179152965545654296875,0.011306364108609905094748881992927636019885540008544921875,0.01030768372500101039135333991225706995464861392974853515625,0.01132079032473432174399352589944101055152714252471923828125
0.010880924802347237412281089063981198705732822418212890625,0.01195658781661437623788923900747249717824161052703857421875,0.01146780317238783007682823011919026612304151058197021484375,0.01184765371834422924279817124215696821920573711395263671875
0.01160717745795207533898718565978924743831157684326171875,0.01164244101199514262734435732227211701683700084686279296875,0.01083679445842959492007917532419014605693519115447998046875,0.011758838540970435737609278703530435450375080108642578125
0.01158805838941105205430748270600815885700285434722900390625,0.01178018680843774014521674331490430631674826145172119140625,0.010833639414301800274476050844896235503256320953369140625,0.011396624320043062528196031735205906443297863006591796875
0.0111624251053151039847488590339708025567233562469482421875,0.01121894512142308612812069412711935001425445079803466796875,0.01048737472106545630390339596260673715732991695404052734375,0.01237328637124865925167593871947246952913701534271240234375
0.0108248182616867867633647648517580819316208362579345703125,0.0113841728597131007505449673544717370532453060150146484375,0.01077383371960922986421138602963765151798725128173828125,0.01178625344364116027395805730293432134203612804412841796875
0.010892302534854077233905655930357170291244983673095703125,0.0117952068231208691273526056875198264606297016143798828125,0.01150731091546144772841397951879116590134799480438232421875,0.0117389694104264342977561597081148647703230381011962890625
0.010264625684493995649848585571817238815128803253173828125,0.01074637635164776318374979524605805636383593082427978515625,0.010521359669059038299820940665085799992084503173828125,0.01098800783374527002822507171231336542405188083648681640625
0.01019714555843122781586540526177486754022538661956787109375,0.01073006223082919631528486803517807857133448123931884765625,0.01042520098197479393176134720988557091914117336273193359375,0.00950276275832974241797312942026110249571502208709716796875
0.00952187179875505808335223179028616868890821933746337890625,0.01035548983083189010512281669207368395291268825531005859375,0.0097298282658373931586215377365078893490135669708251953125,0.01056940259919370884988953918082188465632498264312744140625
0.00942361081852480762799384450545403524301946163177490234375,0.0096244956313974137918076934283817536197602748870849609375,0.010173347738328918088424046572981751523911952972412109375,0.01012131223072502451965082315155086689628660678863525390625
0.010148819383627737111819300253046094439923763275146484375,0.00979358542726163107394743434497286216355860233306884765625,0.01011071634886694971255938213516856194473803043365478515625,0.00954566883516519935903854587877503945492208003997802734375
0.010914253451765228153380604680933174677193164825439453125,0.010839237657077151200102349548615165986120700836181640625,0.0099484484352634731940678847195158596150577068328857421875,0.010243367378716082549683363822623505257070064544677734375
0.00910918287373005224061284224035262013785541057586669921875,0.0104770944492112751122991909369375207461416721343994140625,0.010324744142712581618237521752234897576272487640380859375,0.0104284717124944227573113408880089991725981235504150390625
0.00973455489426598881419483433319328469224274158477783203125,0.01033143219739492309205974862607035902328789234161376953125,0.0100597083755924569803408274992762017063796520233154296875,0.0093501323663911749262123151993364444933831691741943359375
0.01043287400136335384137620252431588596664369106292724609375,0.009588623774397474208708302967352210544049739837646484375,0.00982452220484253575805144720334283192642033100128173828125,0.00940256060240211855028036325165885500609874725341796875
0.00972042522438551319374777648363306070677936077117919921875,0.00955915802966707424392911462973643210716545581817626953125,0.01029087085182565919350139438392943702638149261474609375,0.01026410976313393320913380790670998976565897464752197265625
0.01074372183533815576506054156880054506473243236541748046875,0.01018260730585475275222773205996418255381286144256591796875,0.009516594693077189137664362306168186478316783905029296875,0.00994465935731951404530359894806679221801459789276123046875
0.01022239942969323418797689129178252187557518482208251953125,0.00919978707565571353355071693158606649376451969146728515625,0.01004540979590915449060073427745010121725499629974365234375,0.009316552183522182339903139336456661112606525421142578125
0.00942097569198808992840810105917626060545444488525390625,0.01044112758713573556323961355474239098839461803436279296875,0.0104516728923871003720247330193160451017320156097412109375,0.00994280191117842375436719493109194445423781871795654296875
0.0093233853031971063163307888999042916111648082733154296875,0.0100967560131987703353484420176755520515143871307373046875,0.00978113137572368153416224600960049428977072238922119140625,0.0095498770959298491523004059899903950281441211700439453125
0.01044972935622317557202709537023110897280275821685791015625,0.00988312825537700397060536516846696031279861927032470703125,0.0103170356413007924256675096330582164227962493896484375,0.010684904438913157831425593258245498873293399810791015625
0.0111412382023559387855815572265782975591719150543212890625,0.01062312479104006966712514525852384394966065883636474609375,0.01007252052086401485075928263768219039775431156158447265625,0.00933574286849239536045796938878993387334048748016357421875
0.0101782081160859232127346984952964703552424907684326171875,0.01016496852712772853977174492001722683198750019073486328125,0.00884905861577521372918209152658164384774863719940185546875,0.010092562914070755952788971399058937095105648040771484375
0.0098910678935824995761105782321465085260570049285888671875,0.0104655992949850458473282088789346744306385517120361328125,0.0104651247777494717239310517697958857752382755279541015625,0.00981279931906991510770499331783867091871798038482666015625
0.0094072776029741032866038352722171111963689327239990234375,0.01010325850338524532323614124607047415338456630706787109375,0.0096549286497216758873296527099228114821016788482666015625,0.00990886243032750892167914713581922114826738834381103515625
0.010000419345624685096840522646743920631706714630126953125,0.00964855777985827202380963996120044612325727939605712890625,0.01032284899906037341221765046839209389872848987579345703125,0.01020403923523783944193876749295668560080230236053466796875
0.0095604282062041294476539832203343394212424755096435546875,0.00937293855347750247408722401587510830722749233245849609375,0.01003478414762405852844739939655482885427772998809814453125,0.00968558952070346958207469612034401507116854190826416015625
0.0097043107060972612354365907094688736833631992340087890625,0.0101849342352257309085583614205461344681680202484130859375,0.010500152849751955008716919337530271150171756744384765625,0.01022382778268600238280594538764489698223769664764404296875
0.0100217351399000641209990902780191390775144100189208984375,0.010466534406843010229781754105715663172304630279541015625,0.0099142820884960437821664669399979175068438053131103515625,0.00940367620517079845499086587778947432525455951690673828125
0.0101856215751447536088658551989283296279609203338623046875,0.0106539126202274403443226447052438743412494659423828125,0.00958889386008349685341922707948469906114041805267333984375,0.0102843933179185519077858401715275249443948268890380859375
0.0104034478469829105851118811187916435301303863525390625,0.00964381397628954854794880446888782898895442485809326171875,0.01018661653702019991019067646220719325356185436248779296875,0.0104586760585629982844846352918466436676681041717529296875
0.01035969641486896020143859686868381686508655548095703125,0.0100137082465118522345282059404780738987028598785400390625,0.010053941535566580933735991720823221839964389801025390625,0.00977346225185540644353476835703986580483615398406982421875
0.009491203934257043395295028176406049169600009918212890625,0.0091718104552797156958643398638741928152740001678466796875,0.00972163328868231972623714653991555678658187389373779296875,0.009758964906713178677488684797936002723872661590576171875
0.00965622238000343920127921393259384785778820514678955078125,0.0092516593461613692850331602812730125151574611663818359375,0.00958928635159943427990203446142913890071213245391845703125,0.00941953853926082163017241555280634202063083648681640625
0.00855919371968938240413660167860143701545894145965576171875,0.01005979018943785850692673733419724158011376857757568359375,0.00944676967108508403025979305311921052634716033935546875,0.00883649205759467169796206320597775629721581935882568359375
0.00954404884236420732179784209847639431245625019073486328125,0.009377997698949654126199249049022910185158252716064453125,0.0090503923053393275921507665771059691905975341796875,0.01051359185520329975194186999942758120596408843994140625
0.009925367279956222310577373946216539479792118072509765625,0.00970094642587475408657127218248206190764904022216796875,0.0096301926591750887374221434811261133290827274322509765625,0.00942454505139239846756016305562297930009663105010986328125
0.00962769098931577811673054867469545570202171802520751953125,0.0097945835230857890285616207393104559741914272308349609375,0.0096704662109913901157920435025516781024634838104248046875,0.0101085777328370658711964580334097263403236865997314453125
0.0098130886301806830029903494505560956895351409912109375,0.01009681008511409405770109515287913382053375244140625,0.0094419828211227165015717588403276749886572360992431640625,0.009954651577070046386541690708327223546802997589111328125
0.00990861858052691051035321123663379694335162639617919921875,0.0095863303973485435027779288930105394683778285980224609375,0.009633938132831247613818703712240676395595073699951171875,0.00970990912471919771775663576818260480649769306182861328125
0.00978704991145293128063098464508584584109485149383544921875,0.01038645735772917265415937748684882535599172115325927734375,0.0100225576042276796895347246163510135374963283538818359375,0.0095399347807106661678577808061163523234426975250244140625
0.0097803574563372665251481663517552078701555728912353515625,0.00999259348678776561369918596255956799723207950592041015625,0.0106350410120774029054668829985530464909970760345458984375,0.00831676366073609736606631059885330614633858203887939453125
0.0094641703159333949446629929980190354399383068084716796875,0.009990396352183315842321320587871014140546321868896484375,0.00950524858183610620032677474000593065284192562103271484375,0.00891311718297491985263381053528064512647688388824462890625
0.00951347020413617107392756366834873915649950504302978515625,0.00973929403253431281994867418916328460909426212310791015625,0.00945686235905758738884419045689355698414146900177001953125,0.00905966042671635211902536610750757972709834575653076171875
0.00948766654044903845477421100440551526844501495361328125,0.009596153518654067238191629485299927182495594024658203125,0.00914143949061429518521126880159499705769121646881103515625,0.0092864436605035287353171469248991343192756175994873046875
0.0097952266875509612364947287233007955364882946014404296875,0.00909994453050756886558492197991654393263161182403564453125,0.009387519958563357580505481791988131590187549591064453125,0.0101109568999128741906279316253858269192278385162353515625
0.0100623307008644545523790014840415096841752529144287109375,0.00914100639110386296859456223273809882812201976776123046875,0.01006574736504286908533867261894556577317416667938232421875,0.0093907040970372356036843797255642130039632320404052734375
0.00955745825630458824273549822692075395025312900543212890625,0.010117901014643486401478611469428869895637035369873046875,0.01021912359110116290394909555061531136743724346160888671875,0.009123809970079339859427847159167868085205554962158203125
0.00993416866216516487864129913987198960967361927032470703125,0.00925048990864995625271749446483227075077593326568603515625,0.0098077995507568627164829422326874919235706329345703125,0.00946537006332667969765726212472145562060177326202392578125
0.00895397681428442872297868149189525865949690341949462890625,0.00956962071295629039535679538630574825219810009002685546875,0.009442820456780777471639254372348659671843051910400390625,0.00986947914341471284338513925149527494795620441436767578125
0.0100458818280359969687953736183771979995071887969970703125,0.00976647694979087578615040143859005183912813663482666015625,0.00957119420175202469114328351906806346960365772247314453125,0.00956843747448668340005450971830214257352054119110107421875
0.009524671603061911351328916452985140495002269744873046875,0.00977750712282390681273636090509171481244266033172607421875,0.01015948882682757813122886858536730869673192501068115234375,0.009689572703148276178186648621704080142080783843994140625
0.009855009601361187920876005819081910885870456695556640625,0.010152373373713545479102293711548554711043834686279296875,0.009369980959095143557835427827740204520523548126220703125,0.0096718713214373162878612077975049032829701900482177734375
0.00944361056242489470269330098517457372508943080902099609375,0.00889447421453823557080387018913825158961117267608642578125,0.00921421456197119882747248453824795433320105075836181640625,0.0095056806255543746519975911724031902849674224853515625
0.01003871629963611067370976570600760169327259063720703125,0.00995319987444846267232723135975902550853788852691650390625,0.00949033502426528501050295716368054854683578014373779296875,0.0102681387319932294899249569652965874411165714263916015625
0.0092470659298559444716492095039939158596098423004150390625,0.00975083265902795988389062387113881413824856281280517578125,0.00939348968368273508355859036100810044445097446441650390625,0.0101165974862187091343201927884365431964397430419921875
0.01012529608484691485970063951072006602771580219268798828125,0.00863796333303440584672205915239828755147755146026611328125,0.01011610437478314104831067510303910239599645137786865234375,0.0104632781291349140351254476399844861589372158050537109375
0.0091540244964159293850070042708466644398868083953857421875,0.009041419987059727547684673254480003379285335540771484375,0.00883406378721888173310983205510638072155416011810302734375,0.0087600899416392548346710356099720229394733905792236328125
0.009568693396593420941176333371913642622530460357666015625,0.00990772164188891656111390915384617983363568782806396484375,0.0092739816676544704898699222894720151089131832122802734375,0.00935817468636197628828465866490660118870437145233154296875
0.00992404073258353232322992454328414169140160083770751953125,0.009220442146277950390409472447572625242173671722412109375,0.00939538484432270344648419069244482670910656452178955078125,0.00849877415304888493563506557393338880501687526702880859375
0.0098598682310943423778848426763943280093371868133544921875,0.00915490895581385667745255574345719651319086551666259765625,0.0092862369344104307711251777845973265357315540313720703125,0.00884068546583818316852987351239789859391748905181884765625
0.0086125613688055324690395764264394529163837432861328125,0.0098298804054890824566381724025632138364017009735107421875,0.00926073628001730132786040172732100472785532474517822265625,0.0085736089237380026795154464025472407229244709014892578125
0.009273674907041846993127620635277708061039447784423828125,0.0090877344672579685180835440405644476413726806640625,0.009326410566061267559678782390619744546711444854736328125,0.00810498717658404872754562831005387124605476856231689453125
0.008954363425306428869721031560402479954063892364501953125,0.0085767197884093204773847674005082808434963226318359375,0.0089550328586633261285232521231591817922890186309814453125,0.00932849446221355703412481119585208944045007228851318359375
0.0095050216719894144168367944303099648095667362213134765625,0.00993462941789637066225537864738726057112216949462890625,0.00900180453941079074253739378264072001911699771881103515625,0.00872024012701955175685952781350351870059967041015625
0.0094463763060196638543519753739019506610929965972900390625,0.00913476003384956769526326070263166911900043487548828125,0.00874918089005968270532864750066437409259378910064697265625,0.00952858557719924760542884456526735448278486728668212890625
0.00941506289695019649155227625669795088469982147216796875,0.00937117319579574940824340245626444811932742595672607421875,0.0087267578567806307343612814975131186656653881072998046875,0.00895536545105278698752915289560405653901398181915283203125
0.00924019902813582628964272913663080544210970401763916015625,0.008837012369030061709196388619602657854557037353515625,0.00961568323774827406202891921793707297183573246002197265625,0.00947151789204640943975466171877997112460434436798095703125
0.00886031863710049112647926250474483822472393512725830078125,0.009636558566747548126851796723713050596415996551513671875,0.00964345472543435937307076954994045081548392772674560546875,0.00994732565455041205237929347049430361948907375335693359375
0.0085560530209753161978714075530660920776426792144775390625,0.00886284877339444700228288098742268630303442478179931640625,0.00891494604466459665548239144072795170359313488006591796875,0.0092751160954621936216568656163872219622135162353515625
0.00960001325086585165224928317684316425584256649017333984375,0.0097225614698084571185798807846367708407342433929443359375,0.00915466256717194226677491997179458849132061004638671875,0.0089837537741916974332045953133274451829493045806884765625
0.00932728232620342288805570518661625101231038570404052734375,0.00886249836488310106796806309148450964130461215972900390625,0.00831752115958964664821362333668730570934712886810302734375,0.0106363607449188289633124071542624733410775661468505859375
0.01012920815842085868474509169345765258185565471649169921875,0.00969324419640037182599456855314201675355434417724609375,0.0095469047758349433185909305166205740533769130706787109375,0.008634416055191738992302674660095362924039363861083984375
0.009061900027054710371476886621167068369686603546142578125,0.0096220774568050622399528748474040185101330280303955078125,0.009402268184359401093086461287384736351668834686279296875,0.00964287347630450770996635156961929169483482837677001953125
0.0084972837069774709295444381496054120361804962158203125,0.00988157845925645254847591303359877201728522777557373046875,0.00925470318832675477305205191669301711954176425933837890625,0.0096503482903499172851358167690705158747732639312744140625
0.008771836008357548897240718588363961316645145416259765625,0.00901871634727792470531682056389399804174900054931640625,0.00902046921243288175873420442485439707525074481964111328125,0.00862617348874381538459399365592616959474980831146240234375
0.00908968596180001302264894746940626646392047405242919921875,0.0093201457218120460634924739906637114472687244415283203125,0.0090817648927302430106323072322993539273738861083984375,0.0087539755523894473288049056236559408716857433319091796875
0.0090442417805609472136740834002921474166214466094970703125,0.0094040764309769424300622375767488847486674785614013671875,0.00973128157937454101034102649236956494860351085662841796875,0.00982988348818023514874564483534413739107549190521240234375
0.00972206409065751696318979924171799211762845516204833984375,0.00956948498812441004923723397723733796738088130950927734375,0.00947337634648078193155829040961179998703300952911376953125,0.0094837062268693129996055546371280797757208347320556640625
0.0093315003955743054675497916150561650283634662628173828125,0.00852689131027697770626172513175333733670413494110107421875,0.00891403030672782183130298250262057990767061710357666015625,0.0093380709079514644110897592099718167446553707122802734375
0.00871487175415826438584776525431152549572288990020751953125,0.0094608555711554777334360011309399851597845554351806640625,0.00901497158240405736806533099070293246768414974212646484375,0.00942643336473425637322964831810168107040226459503173828125
0.009739071377762288650448141424931236542761325836181640625,0.00916050692327580358409466754210370709188282489776611328125,0.00918858444872720260543363934857552521862089633941650390625,0.0094751005419114221750565008051125914789736270904541015625
0.01020883978026855022636087966247941949404776096343994140625,0.01017996058460706766679582102597123594023287296295166015625,0.0100635813522529128649640739467940875329077243804931640625,0.01023925092716495600930759479751941398717463016510009765625