1,0,0,0,0,0,0,0,0.011920102487124476:0.9359556750121183
1,0,0,0,0,0,0,0,0.05953846935329513:0.9537893029660699
1,0,0,0,0,0,0,0,0.10715658955303654:0.9418781589856757
1,0,0,0,0,0,0,0,0.15477490479695324:0.9591506846457883
1,0,0,0,0,0,0,0,0.20239321998063395:0.9931711657226596
1,0,0,0,0,0,0,0,0.2500115352245507:1.0102491069338269
1,0,0,0,0,0,0,0,0.2976298504684674:0.9935012075068812
1,0,0,0,0,0,0,0,0.34524816571238415:0.9932741884877547
1,0,0,0,0,0,0,0,0.3928664809563009:0.9989909244615311
1,0,0,0,0,0,0,0,0.4404847962002176:0.9920484893481293
1,0,0,0,0,0,0,0,0.48810311144413426:0.987701927326564
1,0,0,0,0,0,0,0,0.5357214266278151:1.0095211094967198
1,0,0,0,0,0,0,0,0.5833397418717318:0.9900185223296974
1,0,0,0,0,0,0,0,0.6309580573565925:0.9763814351155702
1,0,0,0,0,0,0,0,0.6785763724198012:0.9895865075592285
1,0,0,0,0,0,0,0,0.7261946874830099:0.9923862527908045
1,0,0,0,0,0,0,0,0.7738130025462187:0.9857346365119177
1,0,0,0,0,0,0,0,0.8214313182117874:0.9924613102600915
1,0,0,0,0,0,0,0,0.8690496332749961:0.992984919808485
1,0,0,0,0,0,0,0,0.9166679483382046:0.9827413212746856
1,0,0,0,0,0,0,0,0.9642862640037736:0.9865309491828079
1,0,0,0,0,0,0,0,0.011920102487124476:0.9428063962109171
1,0,0,0,0,0,0,0,0.05953846935329513:0.9606113937051598
1,0,0,0,0,0,0,0,0.10715658955303654:0.947186549628377
1,0,0,0,0,0,0,0,0.15477490479695324:0.9540033274720947
1,0,0,0,0,0,0,0,0.20239321998063395:0.9931213826799613
1,0,0,0,0,0,0,0,0.2500115352245507:1.0122026177370298
1,0,0,0,0,0,0,0,0.2976298504684674:0.9826296982864317
1,0,0,0,0,0,0,0,0.34524816571238415:0.9920419214387969
1,0,0,0,0,0,0,0,0.3928664809563009:0.9901491023933002
1,0,0,0,0,0,0,0,0.4404847962002176:0.9858565201305678
1,0,0,0,0,0,0,0,0.48810311144413426:0.9877562063646572
1,0,0,0,0,0,0,0,0.5357214266278151:0.9830655472553999
1,0,0,0,0,0,0,0,0.5833397418717318:0.9966330961586117
1,0,0,0,0,0,0,0,0.6309580573565925:0.9850441104674124
1,0,0,0,0,0,0,0,0.6785763724198012:0.9885217950172016
1,0,0,0,0,0,0,0,0.7261946874830099:0.9919007066161597
1,0,0,0,0,0,0,0,0.7738130025462187:0.9881295397347867
1,0,0,0,0,0,0,0,0.8214313182117874:0.9883710490244716
1,0,0,0,0,0,0,0,0.8690496332749961:0.9871826841040141
1,0,0,0,0,0,0,0,0.9166679483382046:0.9863472240464068
1,0,0,0,0,0,0,0,0.9642862640037736:0.9848904901694491
1,0,0,0,0,0,0,0,0.011920102487124476:0.9446492403286444
1,0,0,0,0,0,0,0,0.05953846935329513:0.9559525247516807
1,0,0,0,0,0,0,0,0.10715658955303654:0.9440674019190357
1,0,0,0,0,0,0,0,0.15477490479695324:0.9459222377951366
1,0,0,0,0,0,0,0,0.20239321998063395:0.9937346648519584
1,0,0,0,0,0,0,0,0.2500115352245507:1.0091304950035014
1,0,0,0,0,0,0,0,0.2976298504684674:0.9919633673814336
1,0,0,0,0,0,0,0,0.34524816571238415:0.9964014501377388
1,0,0,0,0,0,0,0,0.3928664809563009:0.9997540124008679
1,0,0,0,0,0,0,0,0.4404847962002176:0.9828979644453456
1,0,0,0,0,0,0,0,0.48810311144413426:0.9934024697039763
1,0,0,0,0,0,0,0,0.5357214266278151:0.9981649196450091
1,0,0,0,0,0,0,0,0.5833397418717318:0.9976077705136144
1,0,0,0,0,0,0,0,0.6309580573565925:0.9949806252133234
1,0,0,0,0,0,0,0,0.6785763724198012:0.9869384536051202
1,0,0,0,0,0,0,0,0.7261946874830099:0.9900612611347815
1,0,0,0,0,0,0,0,0.7738130025462187:0.9884080805191242
1,0,0,0,0,0,0,0,0.8214313182117874:0.9885441638045197
1,0,0,0,0,0,0,0,0.8690496332749961:0.987878789982688
1,0,0,0,0,0,0,0,0.9166679483382046:0.9845668904813337
1,0,0,0,0,0,0,0,0.9642862640037736:0.9875168864320109
1,0,0,0,0,0,0,0,0.011920102487124476:0.938950782584071
1,0,0,0,0,0,0,0,0.05953846935329513:0.954725155355275
1,0,0,0,0,0,0,0,0.10715658955303654:0.9402359444126177
1,0,0,0,0,0,0,0,0.15477490479695324:0.9525452388047808
1,0,0,0,0,0,0,0,0.20239321998063395:0.9903036311225588
1,0,0,0,0,0,0,0,0.2500115352245507:1.011510658665468
1,0,0,0,0,0,0,0,0.2976298504684674:0.9830101102846142
1,0,0,0,0,0,0,0,0.34524816571238415:0.9923166561114629
1,0,0,0,0,0,0,0,0.3928664809563009:0.9914871572864554
1,0,0,0,0,0,0,0,0.4404847962002176:0.9860028669666174
1,0,0,0,0,0,0,0,0.48810311144413426:0.9880160167071902
1,0,0,0,0,0,0,0,0.5357214266278151:0.9886231131389468
1,0,0,0,0,0,0,0,0.5833397418717318:0.9907459910164206
1,0,0,0,0,0,0,0,0.6309580573565925:0.9867119359821549
1,0,0,0,0,0,0,0,0.6785763724198012:0.9877857926712433
1,0,0,0,0,0,0,0,0.7261946874830099:0.9904298727239209
1,0,0,0,0,0,0,0,0.7738130025462187:0.9895424672170813
1,0,0,0,0,0,0,0,0.8214313182117874:0.9885666391365062
1,0,0,0,0,0,0,0,0.8690496332749961:0.9952879281913561
1,0,0,0,0,0,0,0,0.9166679483382046:0.9870090717619041
1,0,0,0,0,0,0,0,0.9642862640037736:0.9801727856125263
0,1,0,0,0,0,0,0,0.011920102487124476:0.941747829837333
0,1,0,0,0,0,0,0,0.05953846935329513:0.9612322448021942
0,1,0,0,0,0,0,0,0.10715658955303654:0.9444271350915425
0,1,0,0,0,0,0,0,0.15477490479695324:0.9396547949298488
0,1,0,0,0,0,0,0,0.20239321998063395:0.9806777767879781
0,1,0,0,0,0,0,0,0.2500115352245507:1.0052712923995857
0,1,0,0,0,0,0,0,0.2976298504684674:1.0062943585751314
0,1,0,0,0,0,0,0,0.34524816571238415:0.9990440172918633
0,1,0,0,0,0,0,0,0.3928664809563009:0.9865324450235631
0,1,0,0,0,0,0,0,0.4404847962002176:0.9897692345311287
0,1,0,0,0,0,0,0,0.48810311144413426:1.0030680917557797
0,1,0,0,0,0,0,0,0.5357214266278151:0.9997590557774982
0,1,0,0,0,0,0,0,0.5833397418717318:0.9954209054128302
0,1,0,0,0,0,0,0,0.6309580573565925:0.9891434051523054
0,1,0,0,0,0,0,0,0.6785763724198012:0.994282095386659
0,1,0,0,0,0,0,0,0.7261946874830099:0.9972736734210557
0,1,0,0,0,0,0,0,0.7738130025462187:0.9891909658773345
0,1,0,0,0,0,0,0,0.8214313182117874:0.9842678961778896
0,1,0,0,0,0,0,0,0.8690496332749961:0.9857744550050777
0,1,0,0,0,0,0,0,0.9166679483382046:0.9891509976832199
0,1,0,0,0,0,0,0,0.9642862640037736:0.97962646859219
0,1,0,0,0,0,0,0,0.011920102487124476:0.9419594585165816
0,1,0,0,0,0,0,0,0.05953846935329513:0.9621761908824803
0,1,0,0,0,0,0,0,0.10715658955303654:0.9492125768242412
0,1,0,0,0,0,0,0,0.15477490479695324:0.9395762107611021
0,1,0,0,0,0,0,0,0.20239321998063395:0.9756240607658888
0,1,0,0,0,0,0,0,0.2500115352245507:1.0181975706854636
0,1,0,0,0,0,0,0,0.2976298504684674:0.9969680340094208
0,1,0,0,0,0,0,0,0.34524816571238415:0.9908481478702513
0,1,0,0,0,0,0,0,0.3928664809563009:0.98692853891534
0,1,0,0,0,0,0,0,0.4404847962002176:0.9841133185672202
0,1,0,0,0,0,0,0,0.48810311144413426:0.9815115659074756
0,1,0,0,0,0,0,0,0.5357214266278151:0.9958842500973304
0,1,0,0,0,0,0,0,0.5833397418717318:0.9886999260617775
0,1,0,0,0,0,0,0,0.6309580573565925:0.985307808525061
0,1,0,0,0,0,0,0,0.6785763724198012:0.9905089138930333
0,1,0,0,0,0,0,0,0.7261946874830099:0.9908759526118485
0,1,0,0,0,0,0,0,0.7738130025462187:0.9876789576488726
0,1,0,0,0,0,0,0,0.8214313182117874:0.9883326788751532
0,1,0,0,0,0,0,0,0.8690496332749961:0.9891232564225231
0,1,0,0,0,0,0,0,0.9166679483382046:0.9879404456996203
0,1,0,0,0,0,0,0,0.9642862640037736:0.9911108489942508
0,1,0,0,0,0,0,0,0.011920102487124476:0.9421239693666777
0,1,0,0,0,0,0,0,0.05953846935329513:0.9622444287684887
0,1,0,0,0,0,0,0,0.10715658955303654:0.940919813616342
0,1,0,0,0,0,0,0,0.15477490479695324:0.9440680251645394
0,1,0,0,0,0,0,0,0.20239321998063395:0.9772800487418851
0,1,0,0,0,0,0,0,0.2500115352245507:1.0040295550019178
0,1,0,0,0,0,0,0,0.2976298504684674:0.9976865304722237
0,1,0,0,0,0,0,0,0.34524816571238415:0.9921472364393341
0,1,0,0,0,0,0,0,0.3928664809563009:0.9840483127829251
0,1,0,0,0,0,0,0,0.4404847962002176:0.9847965242002702
0,1,0,0,0,0,0,0,0.48810311144413426:0.9876977879703559
0,1,0,0,0,0,0,0,0.5357214266278151:0.988873628127468
0,1,0,0,0,0,0,0,0.5833397418717318:0.9960036262492804
0,1,0,0,0,0,0,0,0.6309580573565925:0.9931411064374196
0,1,0,0,0,0,0,0,0.6785763724198012:0.9982399784487157
0,1,0,0,0,0,0,0,0.7261946874830099:0.9893866832123613
0,1,0,0,0,0,0,0,0.7738130025462187:0.989010517672938
0,1,0,0,0,0,0,0,0.8214313182117874:0.9894562518487975
0,1,0,0,0,0,0,0,0.8690496332749961:0.9892285209478959
0,1,0,0,0,0,0,0,0.9166679483382046:0.9849363548999761
0,1,0,0,0,0,0,0,0.9642862640037736:0.9811723944951093
0,1,0,0,0,0,0,0,0.011920102487124476:0.9544808616537107
0,1,0,0,0,0,0,0,0.05953846935329513:0.9576687033935971
0,1,0,0,0,0,0,0,0.10715658955303654:0.9497748059990118
0,1,0,0,0,0,0,0,0.15477490479695324:0.9396015826245554
0,1,0,0,0,0,0,0,0.20239321998063395:0.9794181139651719
0,1,0,0,0,0,0,0,0.2500115352245507:1.0072902396655699
0,1,0,0,0,0,0,0,0.2976298504684674:0.9951731005246994
0,1,0,0,0,0,0,0,0.34524816571238415:0.9848813612879133
0,1,0,0,0,0,0,0,0.3928664809563009:0.9920830215601558
0,1,0,0,0,0,0,0,0.4404847962002176:0.9870957473714984
0,1,0,0,0,0,0,0,0.48810311144413426:0.9771587197486932
0,1,0,0,0,0,0,0,0.5357214266278151:0.9918587644594482
0,1,0,0,0,0,0,0,0.5833397418717318:0.9980559180849107
0,1,0,0,0,0,0,0,0.6309580573565925:0.9934139597497029
0,1,0,0,0,0,0,0,0.6785763724198012:0.9993315236053947
0,1,0,0,0,0,0,0,0.7261946874830099:0.9934947141343341
0,1,0,0,0,0,0,0,0.7738130025462187:0.980021315063279
0,1,0,0,0,0,0,0,0.8214313182117874:0.9902675698250153
0,1,0,0,0,0,0,0,0.8690496332749961:0.9906167713057529
0,1,0,0,0,0,0,0,0.9166679483382046:0.9783607637228481
0,1,0,0,0,0,0,0,0.9642862640037736:0.9784915979966391
0,0,0,0,0,0,0,1,0.011920102487124476:0.994667615597425
0,0,0,0,0,0,0,1,0.05953846935329513:1.0043976568318584
0,0,0,0,0,0,0,1,0.10715658955303654:0.9860335368305159
0,0,0,0,0,0,0,1,0.15477490479695324:0.9743853726647697
0,0,0,0,0,0,0,1,0.20239321998063395:0.9791546260469217
0,0,0,0,0,0,0,1,0.2500115352245507:0.993197189904731
0,0,0,0,0,0,0,1,0.2976298504684674:0.9903799216167589
0,0,0,0,0,0,0,1,0.34524816571238415:0.994994380450186
0,0,0,0,0,0,0,1,0.3928664809563009:0.9762577404408262
0,0,0,0,0,0,0,1,0.4404847962002176:0.9823784621078676
0,0,0,0,0,0,0,1,0.48810311144413426:0.9929400412955769
0,0,0,0,0,0,0,1,0.5357214266278151:0.9862487511665167
0,0,0,0,0,0,0,1,0.5833397418717318:0.9895982353155903
0,0,0,0,0,0,0,1,0.6309580573565925:0.9841858506894813
0,0,0,0,0,0,0,1,0.6785763724198012:0.9963336635790576
0,0,0,0,0,0,0,1,0.7261946874830099:0.9880773787393066
0,0,0,0,0,0,0,1,0.7738130025462187:0.9945695851833672
0,0,0,0,0,0,0,1,0.8214313182117874:1.0018179608368099
0,0,0,0,0,0,0,1,0.8690496332749961:0.9878908160769607
0,0,0,0,0,0,0,1,0.9166679483382046:0.9876010544518102
0,0,0,0,0,0,0,1,0.9642862640037736:0.9857197378771516
0,0,1,0,0,0,0,0,0.011920102487124476:0.9983824317029654
0,0,1,0,0,0,0,0,0.05953846935329513:1.0113865725466722
0,0,1,0,0,0,0,0,0.10715658955303654:1.1364432366977135
0,0,1,0,0,0,0,0,0.15477490479695324:1.2143001372220046
0,0,1,0,0,0,0,0,0.20239321998063395:1.170071453571625
0,0,1,0,0,0,0,0,0.2500115352245507:1.1140599398756388
0,0,1,0,0,0,0,0,0.2976298504684674:1.0614385547607061
0,0,1,0,0,0,0,0,0.34524816571238415:1.0299482693603756
0,0,1,0,0,0,0,0,0.3928664809563009:1.0139161998119357
0,0,1,0,0,0,0,0,0.4404847962002176:1.002435694942783
0,0,1,0,0,0,0,0,0.48810311144413426:1.0188975626545962
0,0,1,0,0,0,0,0,0.5357214266278151:1.0152898524358163
0,0,1,0,0,0,0,0,0.5833397418717318:1.0074193117749388
0,0,1,0,0,0,0,0,0.6309580573565925:0.9972623211729453
0,0,1,0,0,0,0,0,0.6785763724198012:0.9966229389277579
0,0,1,0,0,0,0,0,0.7261946874830099:0.9993296129034677
0,0,1,0,0,0,0,0,0.7738130025462187:0.9794481459852956
0,0,1,0,0,0,0,0,0.8214313182117874:0.9914992699438737
0,0,1,0,0,0,0,0,0.8690496332749961:0.9864269654535174
0,0,1,0,0,0,0,0,0.9166679483382046:0.9730759714266479
0,0,1,0,0,0,0,0,0.9642862640037736:0.9723698620844682
0,0,1,0,0,0,0,0,0.011920102487124476:0.9648278657581727
0,0,1,0,0,0,0,0,0.05953846935329513:1.0093547683809636
0,0,1,0,0,0,0,0,0.10715658955303654:1.1279633856719875
0,0,1,0,0,0,0,0,0.15477490479695324:1.21741900929472
0,0,1,0,0,0,0,0,0.20239321998063395:1.1690675155439596
0,0,1,0,0,0,0,0,0.2500115352245507:1.1191637501304263
0,0,1,0,0,0,0,0,0.2976298504684674:1.0701524012593915
0,0,1,0,0,0,0,0,0.34524816571238415:1.038850004633627
0,0,1,0,0,0,0,0,0.3928664809563009:1.0152052648781742
0,0,1,0,0,0,0,0,0.4404847962002176:1.000431751148302
0,0,1,0,0,0,0,0,0.48810311144413426:1.0122949842245037
0,0,1,0,0,0,0,0,0.5357214266278151:1.0178036479242762
0,0,1,0,0,0,0,0,0.5833397418717318:1.0075300982510633
0,0,1,0,0,0,0,0,0.6309580573565925:0.9934722053072228
0,0,1,0,0,0,0,0,0.6785763724198012:0.9931871959716618
0,0,1,0,0,0,0,0,0.7261946874830099:0.9938259755757652
0,0,1,0,0,0,0,0,0.7738130025462187:0.9834488207882394
0,0,1,0,0,0,0,0,0.8214313182117874:0.9956068769526228
0,0,1,0,0,0,0,0,0.8690496332749961:0.982540465559957
0,0,1,0,0,0,0,0,0.9166679483382046:0.9846072991532437
0,0,1,0,0,0,0,0,0.9642862640037736:0.976732145766787
0,0,1,0,0,0,0,0,0.011920102487124476:0.9592397471592847
0,0,1,0,0,0,0,0,0.05953846935329513:1.003317174824763
0,0,1,0,0,0,0,0,0.10715658955303654:1.111050689417386
0,0,1,0,0,0,0,0,0.15477490479695324:1.2248084078044634
0,0,1,0,0,0,0,0,0.20239321998063395:1.1753632516260486
0,0,1,0,0,0,0,0,0.2500115352245507:1.1127825882517492
0,0,1,0,0,0,0,0,0.2976298504684674:1.063313432264208
0,0,1,0,0,0,0,0,0.34524816571238415:1.0355997461166522
0,0,1,0,0,0,0,0,0.3928664809563009:1.022531747227009
0,0,1,0,0,0,0,0,0.4404847962002176:1.0058488336462468
0,0,1,0,0,0,0,0,0.48810311144413426:1.0037292748809645
0,0,1,0,0,0,0,0,0.5357214266278151:1.0210128450130282
0,0,1,0,0,0,0,0,0.5833397418717318:1.0079131672846
0,0,1,0,0,0,0,0,0.6309580573565925:0.995077606124542
0,0,1,0,0,0,0,0,0.6785763724198012:0.9912747279150478
0,0,1,0,0,0,0,0,0.7261946874830099:0.9927210358504494
0,0,1,0,0,0,0,0,0.7738130025462187:0.9823935943893201
0,0,1,0,0,0,0,0,0.8214313182117874:0.98608943767722
0,0,1,0,0,0,0,0,0.8690496332749961:0.9876982475756815
0,0,1,0,0,0,0,0,0.9166679483382046:0.9824004345448747
0,0,1,0,0,0,0,0,0.9642862640037736:0.9842808779460205
0,0,1,0,0,0,0,0,0.011920102487124476:0.9650179053761775
0,0,1,0,0,0,0,0,0.05953846935329513:0.9960026061623153
0,0,1,0,0,0,0,0,0.10715658955303654:1.1118283760240137
0,0,1,0,0,0,0,0,0.15477490479695324:1.2215869827077082
0,0,1,0,0,0,0,0,0.20239321998063395:1.173305190681139
0,0,1,0,0,0,0,0,0.2500115352245507:1.1243536463876345
0,0,1,0,0,0,0,0,0.2976298504684674:1.0698582675066095
0,0,1,0,0,0,0,0,0.34524816571238415:1.0341506756676602
0,0,1,0,0,0,0,0,0.3928664809563009:1.015321739364119
0,0,1,0,0,0,0,0,0.4404847962002176:1.0043094130544394
0,0,1,0,0,0,0,0,0.48810311144413426:1.0051577554455753
0,0,1,0,0,0,0,0,0.5357214266278151:1.0194765614004841
0,0,1,0,0,0,0,0,0.5833397418717318:1.007895118243743
0,0,1,0,0,0,0,0,0.6309580573565925:0.9952388858582238
0,0,1,0,0,0,0,0,0.6785763724198012:0.9946170776824117
0,0,1,0,0,0,0,0,0.7261946874830099:0.9934200781754731
0,0,1,0,0,0,0,0,0.7738130025462187:0.9800066595103896
0,0,1,0,0,0,0,0,0.8214313182117874:0.9922170885278533
0,0,1,0,0,0,0,0,0.8690496332749961:0.9855783716139518
0,0,1,0,0,0,0,0,0.9166679483382046:0.9912161280984046
0,0,1,0,0,0,0,0,0.9642862640037736:0.98016296035169
0,0,0,1,0,0,0,0,0.011920102487124476:0.9441434832075559
0,0,0,1,0,0,0,0,0.05953846935329513:0.9559954052498496
0,0,0,1,0,0,0,0,0.10715658955303654:0.9495033156793805
0,0,0,1,0,0,0,0,0.15477490479695324:0.9440975640244379
0,0,0,1,0,0,0,0,0.20239321998063395:0.9723620659190257
0,0,0,1,0,0,0,0,0.2500115352245507:1.0007298629917674
0,0,0,1,0,0,0,0,0.2976298504684674:0.9936079167971846
0,0,0,1,0,0,0,0,0.34524816571238415:0.9898899947046972
0,0,0,1,0,0,0,0,0.3928664809563009:0.9931553544242384
0,0,0,1,0,0,0,0,0.4404847962002176:0.978744076832478
0,0,0,1,0,0,0,0,0.48810311144413426:0.988234794265244
0,0,0,1,0,0,0,0,0.5357214266278151:0.9906432357676608
0,0,0,1,0,0,0,0,0.5833397418717318:0.9966964705048339
0,0,0,1,0,0,0,0,0.6309580573565925:0.9858754945322572
0,0,0,1,0,0,0,0,0.6785763724198012:0.9853098051687753
0,0,0,1,0,0,0,0,0.7261946874830099:0.9914870817954519
0,0,0,1,0,0,0,0,0.7738130025462187:0.9898928939125187
0,0,0,1,0,0,0,0,0.8214313182117874:0.9958438557760835
0,0,0,1,0,0,0,0,0.8690496332749961:0.9958707076378523
0,0,0,1,0,0,0,0,0.9166679483382046:0.9864004027544832
0,0,0,1,0,0,0,0,0.9642862640037736:0.9873860587066511
0,0,0,1,0,0,0,0,0.011920102487124476:0.9528121615847944
0,0,0,1,0,0,0,0,0.05953846935329513:0.9604027265694894
0,0,0,1,0,0,0,0,0.10715658955303654:0.9516132931595653
0,0,0,1,0,0,0,0,0.15477490479695324:0.9449905651249558
0,0,0,1,0,0,0,0,0.20239321998063395:0.9709542398255233
0,0,0,1,0,0,0,0,0.2500115352245507:0.9986401800782583
0,0,0,1,0,0,0,0,0.2976298504684674:0.9984524034220473
0,0,0,1,0,0,0,0,0.34524816571238415:1.0008385168670892
0,0,0,1,0,0,0,0,0.3928664809563009:0.9911492435025568
0,0,0,1,0,0,0,0,0.4404847962002176:0.9782910155906415
0,0,0,1,0,0,0,0,0.48810311144413426:0.9901601135177933
0,0,0,1,0,0,0,0,0.5357214266278151:0.9956036487294853
0,0,0,1,0,0,0,0,0.5833397418717318:0.9927019594947551
0,0,0,1,0,0,0,0,0.6309580573565925:0.9869919078823348
0,0,0,1,0,0,0,0,0.6785763724198012:0.981628239798487
0,0,0,1,0,0,0,0,0.7261946874830099:0.9845808079953688
0,0,0,1,0,0,0,0,0.7738130025462187:0.9924755892951567
0,0,0,1,0,0,0,0,0.8214313182117874:0.9926123904036998
0,0,0,1,0,0,0,0,0.8690496332749961:0.9908584708741813
0,0,0,1,0,0,0,0,0.9166679483382046:0.9914498861512184
0,0,0,1,0,0,0,0,0.9642862640037736:0.9904492246468486
0,0,0,1,0,0,0,0,0.011920102487124476:0.9531293859899358
0,0,0,1,0,0,0,0,0.05953846935329513:0.9581295151529959
0,0,0,1,0,0,0,0,0.10715658955303654:0.9486205559525708
0,0,0,1,0,0,0,0,0.15477490479695324:0.94566572089086
0,0,0,1,0,0,0,0,0.20239321998063395:0.9719795660699012
0,0,0,1,0,0,0,0,0.2500115352245507:1.0034968105527884
0,0,0,1,0,0,0,0,0.2976298504684674:0.9864467383711392
0,0,0,1,0,0,0,0,0.34524816571238415:0.9952018601647304
0,0,0,1,0,0,0,0,0.3928664809563009:0.9885137556551085
0,0,0,1,0,0,0,0,0.4404847962002176:0.9737886255268333
0,0,0,1,0,0,0,0,0.48810311144413426:0.9925836604847003
0,0,0,1,0,0,0,0,0.5357214266278151:0.9993715060391286
0,0,0,1,0,0,0,0,0.5833397418717318:0.9979650194162876
0,0,0,1,0,0,0,0,0.6309580573565925:0.9817384768037861
0,0,0,1,0,0,0,0,0.6785763724198012:0.9851046538578733
0,0,0,1,0,0,0,0,0.7261946874830099:0.9892517486406731
0,0,0,1,0,0,0,0,0.7738130025462187:0.9923107926963606
0,0,0,1,0,0,0,0,0.8214313182117874:0.9859200574384849
0,0,0,1,0,0,0,0,0.8690496332749961:0.992762836509356
0,0,0,1,0,0,0,0,0.9166679483382046:0.980659915548215
0,0,0,1,0,0,0,0,0.9642862640037736:0.9832061544427211
0,0,0,1,0,0,0,0,0.011920102487124476:0.9553720299628609
0,0,0,1,0,0,0,0,0.05953846935329513:0.9604539285218885
0,0,0,1,0,0,0,0,0.10715658955303654:0.9456608171894844
0,0,0,1,0,0,0,0,0.15477490479695324:0.94369589014857
0,0,0,1,0,0,0,0,0.20239321998063395:0.9726085560601548
0,0,0,1,0,0,0,0,0.2500115352245507:1.000445546820366
0,0,0,1,0,0,0,0,0.2976298504684674:0.9867721864182277
0,0,0,1,0,0,0,0,0.34524816571238415:0.9944341002434035
0,0,0,1,0,0,0,0,0.3928664809563009:0.9858663171582787
0,0,0,1,0,0,0,0,0.4404847962002176:0.9890971808311568
0,0,0,1,0,0,0,0,0.48810311144413426:0.9930981595092024
0,0,0,1,0,0,0,0,0.5357214266278151:0.9979300159477195
0,0,0,1,0,0,0,0,0.5833397418717318:0.9870901985218792
0,0,0,1,0,0,0,0,0.6309580573565925:0.9873129972788218
0,0,0,1,0,0,0,0,0.6785763724198012:0.9963505033809533
0,0,0,1,0,0,0,0,0.7261946874830099:0.9889816322090785
0,0,0,1,0,0,0,0,0.7738130025462187:0.9933805382861494
0,0,0,1,0,0,0,0,0.8214313182117874:0.9970052378947616
0,0,0,1,0,0,0,0,0.8690496332749961:0.9905271555579381
0,0,0,1,0,0,0,0,0.9166679483382046:0.9854476873064505
0,0,0,1,0,0,0,0,0.9642862640037736:0.9856619640483387
0,0,0,0,0,0,0,1,0.011920102487124476:0.9945298285605997
0,0,0,0,0,0,0,1,0.05953846935329513:0.9887546641665023
0,0,0,0,0,0,0,1,0.10715658955303654:0.9680159284153216
0,0,0,0,0,0,0,1,0.15477490479695324:0.9790932227354133
0,0,0,0,0,0,0,1,0.20239321998063395:0.9914240682789089
0,0,0,0,0,0,0,1,0.2500115352245507:0.9890662683367515
0,0,0,0,0,0,0,1,0.2976298504684674:0.9860128633136902
0,0,0,0,0,0,0,1,0.34524816571238415:0.993334251455556
0,0,0,0,0,0,0,1,0.3928664809563009:0.9855842627753211
0,0,0,0,0,0,0,1,0.4404847962002176:0.9701493848934867
0,0,0,0,0,0,0,1,0.48810311144413426:0.9817000932939921
0,0,0,0,0,0,0,1,0.5357214266278151:0.9879050083562456
0,0,0,0,0,0,0,1,0.5833397418717318:0.9943429536868882
0,0,0,0,0,0,0,1,0.6309580573565925:0.9836812218803492
0,0,0,0,0,0,0,1,0.6785763724198012:0.9897256287130097
0,0,0,0,0,0,0,1,0.7261946874830099:0.9896435646608118
0,0,0,0,0,0,0,1,0.7738130025462187:0.991721616124092
0,0,0,0,0,0,0,1,0.8214313182117874:0.9871558563081355
0,0,0,0,0,0,0,1,0.8690496332749961:0.9893848220428757
0,0,0,0,0,0,0,1,0.9166679483382046:0.9913032232738292
0,0,0,0,0,0,0,1,0.9642862640037736:0.9898885449142457
0,0,0,0,1,0,0,0,0.011920102487124476:0.9508180108978377
0,0,0,0,1,0,0,0,0.05953846935329513:0.9611915466814731
0,0,0,0,1,0,0,0,0.10715658955303654:0.9517555657458667
0,0,0,0,1,0,0,0,0.15477490479695324:0.9470536706088925
0,0,0,0,1,0,0,0,0.20239321998063395:0.9803185785702966
0,0,0,0,1,0,0,0,0.2500115352245507:0.9967736500190336
0,0,0,0,1,0,0,0,0.2976298504684674:0.9849621851294839
0,0,0,0,1,0,0,0,0.34524816571238415:0.9932584749402625
0,0,0,0,1,0,0,0,0.3928664809563009:0.9779965896863166
0,0,0,0,1,0,0,0,0.4404847962002176:0.9808273797907333
0,0,0,0,1,0,0,0,0.48810311144413426:0.9821119169138753
0,0,0,0,1,0,0,0,0.5357214266278151:0.9782076067863417
0,0,0,0,1,0,0,0,0.5833397418717318:1.0022558095078424
0,0,0,0,1,0,0,0,0.6309580573565925:0.9997052949239997
0,0,0,0,1,0,0,0,0.6785763724198012:0.9865690767183657
0,0,0,0,1,0,0,0,0.7261946874830099:0.9978910433552511
0,0,0,0,1,0,0,0,0.7738130025462187:1.0019728530490248
0,0,0,0,1,0,0,0,0.8214313182117874:0.9782295479869899
0,0,0,0,1,0,0,0,0.8690496332749961:0.9855995715130634
0,0,0,0,1,0,0,0,0.9166679483382046:0.9820707233625433
0,0,0,0,1,0,0,0,0.9642862640037736:0.9801968006922053
0,0,0,0,1,0,0,0,0.011920102487124476:0.9437628244571269
0,0,0,0,1,0,0,0,0.05953846935329513:0.9612617733944202
0,0,0,0,1,0,0,0,0.10715658955303654:0.9430955534092507
0,0,0,0,1,0,0,0,0.15477490479695324:0.958010642298768
0,0,0,0,1,0,0,0,0.20239321998063395:0.9876035618023099
0,0,0,0,1,0,0,0,0.2500115352245507:0.9926527675602353
0,0,0,0,1,0,0,0,0.2976298504684674:0.9888596975474634
0,0,0,0,1,0,0,0,0.34524816571238415:0.9865885948802404
0,0,0,0,1,0,0,0,0.3928664809563009:0.9903202853984425
0,0,0,0,1,0,0,0,0.4404847962002176:0.9848699149696477
0,0,0,0,1,0,0,0,0.48810311144413426:0.9839561449756086
0,0,0,0,1,0,0,0,0.5357214266278151:0.9891805704280381
0,0,0,0,1,0,0,0,0.5833397418717318:0.9984806283431152
0,0,0,0,1,0,0,0,0.6309580573565925:0.9843448720705225
0,0,0,0,1,0,0,0,0.6785763724198012:0.9932878355767382
0,0,0,0,1,0,0,0,0.7261946874830099:0.9872937888409159
0,0,0,0,1,0,0,0,0.7738130025462187:0.989363518599942
0,0,0,0,1,0,0,0,0.8214313182117874:0.9885468498008912
0,0,0,0,1,0,0,0,0.8690496332749961:1.0124809680116547
0,0,0,0,1,0,0,0,0.9166679483382046:0.9786921007678048
0,0,0,0,1,0,0,0,0.9642862640037736:0.977707684148865
0,0,0,0,1,0,0,0,0.011920102487124476:0.9511450053284145
0,0,0,0,1,0,0,0,0.05953846935329513:0.9586380444832245
0,0,0,0,1,0,0,0,0.10715658955303654:0.9548695211782013
0,0,0,0,1,0,0,0,0.15477490479695324:0.9518627339672945
0,0,0,0,1,0,0,0,0.20239321998063395:0.9795229490045334
0,0,0,0,1,0,0,0,0.2500115352245507:0.9935570752654803
0,0,0,0,1,0,0,0,0.2976298504684674:0.9905699400038384
0,0,0,0,1,0,0,0,0.34524816571238415:0.9914611452906674
0,0,0,0,1,0,0,0,0.3928664809563009:0.9919293033701366
0,0,0,0,1,0,0,0,0.4404847962002176:0.9819511427167168
0,0,0,0,1,0,0,0,0.48810311144413426:0.9890857381534548
0,0,0,0,1,0,0,0,0.5357214266278151:0.9909883686392853
0,0,0,0,1,0,0,0,0.5833397418717318:1.000913466212278
0,0,0,0,1,0,0,0,0.6309580573565925:1.0125512359195623
0,0,0,0,1,0,0,0,0.6785763724198012:1.0078539731802143
0,0,0,0,1,0,0,0,0.7261946874830099:0.9992084764079701
0,0,0,0,1,0,0,0,0.7738130025462187:1.0170177096978021
0,0,0,0,1,0,0,0,0.8214313182117874:0.9668984830083005
0,0,0,0,1,0,0,0,0.8690496332749961:0.9807287425951459
0,0,0,0,1,0,0,0,0.9166679483382046:0.9387058505361187
0,0,0,0,1,0,0,0,0.9642862640037736:0.9856107810309139
0,0,0,0,1,0,0,0,0.011920102487124476:0.9447465137138773
0,0,0,0,1,0,0,0,0.05953846935329513:0.9614423675227827
0,0,0,0,1,0,0,0,0.10715658955303654:0.9498698131822471
0,0,0,0,1,0,0,0,0.15477490479695324:0.9591406662769371
0,0,0,0,1,0,0,0,0.20239321998063395:0.97646195579902
0,0,0,0,1,0,0,0,0.2500115352245507:0.9833773543220393
0,0,0,0,1,0,0,0,0.2976298504684674:0.9828009840792049
0,0,0,0,1,0,0,0,0.34524816571238415:0.9952664663086765
0,0,0,0,1,0,0,0,0.3928664809563009:0.9872141945633433
0,0,0,0,1,0,0,0,0.4404847962002176:0.9805403095636064
0,0,0,0,1,0,0,0,0.48810311144413426:0.9886861595038952
0,0,0,0,1,0,0,0,0.5357214266278151:0.9893243493425429
0,0,0,0,1,0,0,0,0.5833397418717318:0.9887914561221562
0,0,0,0,1,0,0,0,0.6309580573565925:0.9859599826503479
0,0,0,0,1,0,0,0,0.6785763724198012:0.9802784342502291
0,0,0,0,1,0,0,0,0.7261946874830099:0.9896864313537699
0,0,0,0,1,0,0,0,0.7738130025462187:0.9884561506194518
0,0,0,0,1,0,0,0,0.8214313182117874:0.9747153204576043
0,0,0,0,1,0,0,0,0.8690496332749961:0.9897861566874084
0,0,0,0,1,0,0,0,0.9166679483382046:0.9838673482724352
0,0,0,0,1,0,0,0,0.9642862640037736:0.98492125490147
0,0,0,0,0,1,0,0,0.011920102487124476:0.9568819209831797
0,0,0,0,0,1,0,0,0.05953846935329513:0.9672781429729311
0,0,0,0,0,1,0,0,0.10715658955303654:0.9570386230287651
0,0,0,0,0,1,0,0,0.15477490479695324:0.9410004889590271
0,0,0,0,0,1,0,0,0.20239321998063395:0.9711440079107677
0,0,0,0,0,1,0,0,0.2500115352245507:0.9889244086756042
0,0,0,0,0,1,0,0,0.2976298504684674:0.9774186156216575
0,0,0,0,0,1,0,0,0.34524816571238415:0.9909180701639358
0,0,0,0,0,1,0,0,0.3928664809563009:0.9852736694768316
0,0,0,0,0,1,0,0,0.4404847962002176:0.9771366708344611
0,0,0,0,0,1,0,0,0.48810311144413426:0.9886377838912721
0,0,0,0,0,1,0,0,0.5357214266278151:0.9960857972609177
0,0,0,0,0,1,0,0,0.5833397418717318:1.0128195357493337
0,0,0,0,0,1,0,0,0.6309580573565925:1.0102572237362892
0,0,0,0,0,1,0,0,0.6785763724198012:0.9791211844034059
0,0,0,0,0,1,0,0,0.7261946874830099:0.9776552529672944
0,0,0,0,0,1,0,0,0.7738130025462187:0.9828972995454924
0,0,0,0,0,1,0,0,0.8214313182117874:0.977772680988206
0,0,0,0,0,1,0,0,0.8690496332749961:1.0269530391555082
0,0,0,0,0,1,0,0,0.9166679483382046:0.9795579728431688
0,0,0,0,0,1,0,0,0.9642862640037736:0.9884763325441096
0,0,0,0,0,1,0,0,0.011920102487124476:0.958852959736334
0,0,0,0,0,1,0,0,0.05953846935329513:0.9689670229216257
0,0,0,0,0,1,0,0,0.10715658955303654:0.9624896620242926
0,0,0,0,0,1,0,0,0.15477490479695324:0.9487305945281955
0,0,0,0,0,1,0,0,0.20239321998063395:0.9766429935152573
0,0,0,0,0,1,0,0,0.2500115352245507:0.9765846943443429
0,0,0,0,0,1,0,0,0.2976298504684674:0.9776756958243833
0,0,0,0,0,1,0,0,0.34524816571238415:0.9898947568728215
0,0,0,0,0,1,0,0,0.3928664809563009:0.995272366383208
0,0,0,0,0,1,0,0,0.4404847962002176:0.98917409645794
0,0,0,0,0,1,0,0,0.48810311144413426:0.978549512518192
0,0,0,0,0,1,0,0,0.5357214266278151:0.9972489185266948
0,0,0,0,0,1,0,0,0.5833397418717318:0.988416189885277
0,0,0,0,0,1,0,0,0.6309580573565925:0.9909531513025559
0,0,0,0,0,1,0,0,0.6785763724198012:0.9902350376786107
0,0,0,0,0,1,0,0,0.7261946874830099:0.9879872713868829
0,0,0,0,0,1,0,0,0.7738130025462187:0.9893401794250797
0,0,0,0,0,1,0,0,0.8214313182117874:1.0030634839889192
0,0,0,0,0,1,0,0,0.8690496332749961:1.0100953278582363
0,0,0,0,0,1,0,0,0.9166679483382046:0.9806267552927402
0,0,0,0,0,1,0,0,0.9642862640037736:0.9917860568341642
0,0,0,0,0,1,0,0,0.011920102487124476:0.954298065594525
0,0,0,0,0,1,0,0,0.05953846935329513:0.9619254474266512
0,0,0,0,0,1,0,0,0.10715658955303654:0.9575907935299247
0,0,0,0,0,1,0,0,0.15477490479695324:0.9438669921440896
0,0,0,0,0,1,0,0,0.20239321998063395:0.9772065830614018
0,0,0,0,0,1,0,0,0.2500115352245507:0.9903492396955084
0,0,0,0,0,1,0,0,0.2976298504684674:0.9853019123721355
0,0,0,0,0,1,0,0,0.34524816571238415:0.9868087428853601
0,0,0,0,0,1,0,0,0.3928664809563009:0.9918557497930929
0,0,0,0,0,1,0,0,0.4404847962002176:0.9836849007969144
0,0,0,0,0,1,0,0,0.48810311144413426:0.981172731588478
0,0,0,0,0,1,0,0,0.5357214266278151:0.974991004623947
0,0,0,0,0,1,0,0,0.5833397418717318:0.9747397317595793
0,0,0,0,0,1,0,0,0.6309580573565925:0.9664119347894573
0,0,0,0,0,1,0,0,0.6785763724198012:1.0023424757042785
0,0,0,0,0,1,0,0,0.7261946874830099:0.9996249291365542
0,0,0,0,0,1,0,0,0.7738130025462187:0.9913155102682254
0,0,0,0,0,1,0,0,0.8214313182117874:0.9815658015172435
0,0,0,0,0,1,0,0,0.8690496332749961:0.989863991273566
0,0,0,0,0,1,0,0,0.9166679483382046:0.9895426617302504
0,0,0,0,0,1,0,0,0.9642862640037736:0.982066216512078
0,0,0,0,0,1,0,0,0.011920102487124476:0.9660315058283218
0,0,0,0,0,1,0,0,0.05953846935329513:0.9660989727368009
0,0,0,0,0,1,0,0,0.10715658955303654:0.960317938672493
0,0,0,0,0,1,0,0,0.15477490479695324:0.9445937008788644
0,0,0,0,0,1,0,0,0.20239321998063395:0.9719884976174373
0,0,0,0,0,1,0,0,0.2500115352245507:0.9919551250962676
0,0,0,0,0,1,0,0,0.2976298504684674:0.9805117803418048
0,0,0,0,0,1,0,0,0.34524816571238415:1.0005609853265478
0,0,0,0,0,1,0,0,0.3928664809563009:0.9933509319222072
0,0,0,0,0,1,0,0,0.4404847962002176:0.990045292957447
0,0,0,0,0,1,0,0,0.48810311144413426:0.9926802885252985
0,0,0,0,0,1,0,0,0.5357214266278151:0.9937466419774303
0,0,0,0,0,1,0,0,0.5833397418717318:0.9938718439697037
0,0,0,0,0,1,0,0,0.6309580573565925:0.9824216325676571
0,0,0,0,0,1,0,0,0.6785763724198012:0.9888702067531441
0,0,0,0,0,1,0,0,0.7261946874830099:0.9967678716439013
0,0,0,0,0,1,0,0,0.7738130025462187:0.995838929049618
0,0,0,0,0,1,0,0,0.8214313182117874:0.9849451420043666
0,0,0,0,0,1,0,0,0.8690496332749961:1.0005358787078513
0,0,0,0,0,1,0,0,0.9166679483382046:0.9896714123775193
0,0,0,0,0,1,0,0,0.9642862640037736:0.9827087693450024
0,0,0,0,0,0,0,1,0.011920102487124476:0.992031302881074
0,0,0,0,0,0,0,1,0.05953846935329513:0.9927394985435439
0,0,0,0,0,0,0,1,0.10715658955303654:0.9856257850862168
0,0,0,0,0,0,0,1,0.15477490479695324:0.984794240781469
0,0,0,0,0,0,0,1,0.20239321998063395:0.9946555943027984
0,0,0,0,0,0,0,1,0.2500115352245507:1.0044903585943552
0,0,0,0,0,0,0,1,0.2976298504684674:0.9815179250650881
0,0,0,0,0,0,0,1,0.34524816571238415:0.9903246995649615
0,0,0,0,0,0,0,1,0.3928664809563009:0.9801637575600213
0,0,0,0,0,0,0,1,0.4404847962002176:0.9848129271504197
0,0,0,0,0,0,0,1,0.48810311144413426:0.9874380652245721
0,0,0,0,0,0,0,1,0.5357214266278151:0.9856847287125887
0,0,0,0,0,0,0,1,0.5833397418717318:0.9992665472281183
0,0,0,0,0,0,0,1,0.6309580573565925:0.9908837231087396
0,0,0,0,0,0,0,1,0.6785763724198012:0.9960130704225352
0,0,0,0,0,0,0,1,0.7261946874830099:1.0067557448487217
0,0,0,0,0,0,0,1,0.7738130025462187:0.99073133593577
0,0,0,0,0,0,0,1,0.8214313182117874:0.9928151272769734
0,0,0,0,0,0,0,1,0.8690496332749961:0.9734812954822135
0,0,0,0,0,0,0,1,0.9166679483382046:0.9938615341837139
0,0,0,0,0,0,0,1,0.9642862640037736:0.9888807124952013
1,0,1,0,0,0,0,0,0.011920102487124476:0.9594024989138096
1,0,1,0,0,0,0,0,0.05953846935329513:1.0439934154350232
1,0,1,0,0,0,0,0,0.10715658955303654:1.1528420688172933
1,0,1,0,0,0,0,0,0.15477490479695324:1.2181198238682314
1,0,1,0,0,0,0,0,0.20239321998063395:1.179041251817344
1,0,1,0,0,0,0,0,0.2500115352245507:1.0987763952006042
1,0,1,0,0,0,0,0,0.2976298504684674:1.0409246680487263
1,0,1,0,0,0,0,0,0.34524816571238415:1.0110600659248699
1,0,1,0,0,0,0,0,0.3928664809563009:0.9966384689676765
1,0,1,0,0,0,0,0,0.4404847962002176:0.9869462612039502
1,0,1,0,0,0,0,0,0.48810311144413426:0.9799209644358411
1,0,1,0,0,0,0,0,0.5357214266278151:0.9845995808743192
1,0,1,0,0,0,0,0,0.5833397418717318:0.9852739181865843
1,0,1,0,0,0,0,0,0.6309580573565925:0.9841105854104486
1,0,1,0,0,0,0,0,0.6785763724198012:0.9862919260474338
1,0,1,0,0,0,0,0,0.7261946874830099:0.9823326082939514
1,0,1,0,0,0,0,0,0.7738130025462187:0.9771054422570123
1,0,1,0,0,0,0,0,0.8214313182117874:0.9749166309993551
1,0,1,0,0,0,0,0,0.8690496332749961:0.9695610595835408
1,0,1,0,0,0,0,0,0.9166679483382046:0.9656941128629604
1,0,1,0,0,0,0,0,0.9642862640037736:0.9632809987654743
1,0,1,0,0,0,0,0,0.011920102487124476:0.9417889023736624
1,0,1,0,0,0,0,0,0.05953846935329513:1.0398345671235893
1,0,1,0,0,0,0,0,0.10715658955303654:1.1542366334923237
1,0,1,0,0,0,0,0,0.15477490479695324:1.2187401727970297
1,0,1,0,0,0,0,0,0.20239321998063395:1.1827385559676198
1,0,1,0,0,0,0,0,0.2500115352245507:1.0986141262232105
1,0,1,0,0,0,0,0,0.2976298504684674:1.0394435191736453
1,0,1,0,0,0,0,0,0.34524816571238415:1.0073552262763958
1,0,1,0,0,0,0,0,0.3928664809563009:1.0016726719205418
1,0,1,0,0,0,0,0,0.4404847962002176:0.9837914712789547
1,0,1,0,0,0,0,0,0.48810311144413426:0.9838832591506882
1,0,1,0,0,0,0,0,0.5357214266278151:0.9839731363499515
1,0,1,0,0,0,0,0,0.5833397418717318:0.9884709756501133
1,0,1,0,0,0,0,0,0.6309580573565925:0.9811379368511847
1,0,1,0,0,0,0,0,0.6785763724198012:0.9878598467996197
1,0,1,0,0,0,0,0,0.7261946874830099:0.9827888228339978
1,0,1,0,0,0,0,0,0.7738130025462187:0.9717288324003917
1,0,1,0,0,0,0,0,0.8214313182117874:0.9774322638334882
1,0,1,0,0,0,0,0,0.8690496332749961:0.9710702963135763
1,0,1,0,0,0,0,0,0.9166679483382046:0.9652856207300723
1,0,1,0,0,0,0,0,0.9642862640037736:0.9623994775717922
1,0,1,0,0,0,0,0,0.011920102487124476:0.975158131546848
1,0,1,0,0,0,0,0,0.05953846935329513:1.0432093949619723
1,0,1,0,0,0,0,0,0.10715658955303654:1.1567386887072881
1,0,1,0,0,0,0,0,0.15477490479695324:1.2146397730022216
1,0,1,0,0,0,0,0,0.20239321998063395:1.1791147976592682
1,0,1,0,0,0,0,0,0.2500115352245507:1.1044787158263636
1,0,1,0,0,0,0,0,0.2976298504684674:1.0427586928495132
1,0,1,0,0,0,0,0,0.34524816571238415:1.0076612998187586
1,0,1,0,0,0,0,0,0.3928664809563009:1.000590127834207
1,0,1,0,0,0,0,0,0.4404847962002176:0.9862178282154038
1,0,1,0,0,0,0,0,0.48810311144413426:0.9846959419934095
1,0,1,0,0,0,0,0,0.5357214266278151:0.9873082148811926
1,0,1,0,0,0,0,0,0.5833397418717318:0.9802178192013915
1,0,1,0,0,0,0,0,0.6309580573565925:0.9818643481708058
1,0,1,0,0,0,0,0,0.6785763724198012:0.9844671188061372
1,0,1,0,0,0,0,0,0.7261946874830099:0.9916537730580108
1,0,1,0,0,0,0,0,0.7738130025462187:0.9770953643837703
1,0,1,0,0,0,0,0,0.8214313182117874:0.9744870471822341
1,0,1,0,0,0,0,0,0.8690496332749961:0.9728526876199337
1,0,1,0,0,0,0,0,0.9166679483382046:0.9687060174733618
1,0,1,0,0,0,0,0,0.9642862640037736:0.967120339517815
1,0,1,0,0,0,0,0,0.011920102487124476:0.9806502660841153
1,0,1,0,0,0,0,0,0.05953846935329513:1.040640442665437
1,0,1,0,0,0,0,0,0.10715658955303654:1.1461766836224907
1,0,1,0,0,0,0,0,0.15477490479695324:1.2180124526935219
1,0,1,0,0,0,0,0,0.20239321998063395:1.1764692022610317
1,0,1,0,0,0,0,0,0.2500115352245507:1.1037748574030384
1,0,1,0,0,0,0,0,0.2976298504684674:1.0399418254278363
1,0,1,0,0,0,0,0,0.34524816571238415:1.0117978145275301
1,0,1,0,0,0,0,0,0.3928664809563009:0.9997771289989799
1,0,1,0,0,0,0,0,0.4404847962002176:0.9874599422213395
1,0,1,0,0,0,0,0,0.48810311144413426:0.9838256704483245
1,0,1,0,0,0,0,0,0.5357214266278151:0.9849966540554305
1,0,1,0,0,0,0,0,0.5833397418717318:0.9859926406185794
1,0,1,0,0,0,0,0,0.6309580573565925:0.9808919451299594
1,0,1,0,0,0,0,0,0.6785763724198012:0.9814533394895633
1,0,1,0,0,0,0,0,0.7261946874830099:0.9862505721372125
1,0,1,0,0,0,0,0,0.7738130025462187:0.9778138590348687
1,0,1,0,0,0,0,0,0.8214313182117874:0.9761765742731974
1,0,1,0,0,0,0,0,0.8690496332749961:0.9723670747470289
1,0,1,0,0,0,0,0,0.9166679483382046:0.9679592670197462
1,0,1,0,0,0,0,0,0.9642862640037736:0.96899230498044
1,0,0,0,1,0,0,0,0.011920102487124476:0.9098076236563405
1,0,0,0,1,0,0,0,0.05953846935329513:0.963977901354338
1,0,0,0,1,0,0,0,0.10715658955303654:0.9445040608668998
1,0,0,0,1,0,0,0,0.15477490479695324:0.9698651675344313
1,0,0,0,1,0,0,0,0.20239321998063395:0.9905808450425185
1,0,0,0,1,0,0,0,0.2500115352245507:1.0168340943016152
1,0,0,0,1,0,0,0,0.2976298504684674:0.9924887320668285
1,0,0,0,1,0,0,0,0.34524816571238415:0.978983944557224
1,0,0,0,1,0,0,0,0.3928664809563009:0.9944378167814952
1,0,0,0,1,0,0,0,0.4404847962002176:0.9801575265354332
1,0,0,0,1,0,0,0,0.48810311144413426:1.0013566718033018
1,0,0,0,1,0,0,0,0.5357214266278151:0.9979380753746167
1,0,0,0,1,0,0,0,0.5833397418717318:0.9913250084842198
1,0,0,0,1,0,0,0,0.6309580573565925:0.9946168888779736
1,0,0,0,1,0,0,0,0.6785763724198012:0.9936529578834064
1,0,0,0,1,0,0,0,0.7261946874830099:0.9902391341462553
1,0,0,0,1,0,0,0,0.7738130025462187:0.9836816176730843
1,0,0,0,1,0,0,0,0.8214313182117874:0.9861576822404324
1,0,0,0,1,0,0,0,0.8690496332749961:0.9922053163793106
1,0,0,0,1,0,0,0,0.9166679483382046:0.9908349706102036
1,0,0,0,1,0,0,0,0.9642862640037736:0.9863700165915705
1,0,0,0,1,0,0,0,0.011920102487124476:0.9110909092366658
1,0,0,0,1,0,0,0,0.05953846935329513:0.9588074103331986
1,0,0,0,1,0,0,0,0.10715658955303654:0.950578140220372
1,0,0,0,1,0,0,0,0.15477490479695324:0.9630439117334278
1,0,0,0,1,0,0,0,0.20239321998063395:0.9992616066912607
1,0,0,0,1,0,0,0,0.2500115352245507:1.0096752041748178
1,0,0,0,1,0,0,0,0.2976298504684674:0.9834475908988586
1,0,0,0,1,0,0,0,0.34524816571238415:1.0001285283156414
1,0,0,0,1,0,0,0,0.3928664809563009:0.9959023425278307
1,0,0,0,1,0,0,0,0.4404847962002176:0.986942419421253
1,0,0,0,1,0,0,0,0.48810311144413426:0.9757210422937792
1,0,0,0,1,0,0,0,0.5357214266278151:1.0060666547523458
1,0,0,0,1,0,0,0,0.5833397418717318:0.9945475054878212
1,0,0,0,1,0,0,0,0.6309580573565925:0.9766029821078197
1,0,0,0,1,0,0,0,0.6785763724198012:0.9878777619832613
1,0,0,0,1,0,0,0,0.7261946874830099:0.9923670950124032
1,0,0,0,1,0,0,0,0.7738130025462187:0.9853381945984119
1,0,0,0,1,0,0,0,0.8214313182117874:0.985191725650271
1,0,0,0,1,0,0,0,0.8690496332749961:0.9814385712039602
1,0,0,0,1,0,0,0,0.9166679483382046:0.9891892645861412
1,0,0,0,1,0,0,0,0.9642862640037736:0.9866405719610521
1,0,0,0,1,0,0,0,0.011920102487124476:0.918390269424431
1,0,0,0,1,0,0,0,0.05953846935329513:0.9580950840080267
1,0,0,0,1,0,0,0,0.10715658955303654:0.9572081996751964
1,0,0,0,1,0,0,0,0.15477490479695324:0.9687982829079537
1,0,0,0,1,0,0,0,0.20239321998063395:0.9871713322940441
1,0,0,0,1,0,0,0,0.2500115352245507:1.007025410080003
1,0,0,0,1,0,0,0,0.2976298504684674:0.9975763183407176
1,0,0,0,1,0,0,0,0.34524816571238415:1.0068806457229158
1,0,0,0,1,0,0,0,0.3928664809563009:1.0010037893166832
1,0,0,0,1,0,0,0,0.4404847962002176:0.9734616438988245
1,0,0,0,1,0,0,0,0.48810311144413426:0.9848359787714162
1,0,0,0,1,0,0,0,0.5357214266278151:0.9903814659476733
1,0,0,0,1,0,0,0,0.5833397418717318:1.003317378918302
1,0,0,0,1,0,0,0,0.6309580573565925:0.9879634758089387
1,0,0,0,1,0,0,0,0.6785763724198012:0.9891333707328223
1,0,0,0,1,0,0,0,0.7261946874830099:1.0012000845419076
1,0,0,0,1,0,0,0,0.7738130025462187:0.9808535474054706
1,0,0,0,1,0,0,0,0.8214313182117874:0.9799092233977592
1,0,0,0,1,0,0,0,0.8690496332749961:0.9963987325103417
1,0,0,0,1,0,0,0,0.9166679483382046:0.9853593923837723
1,0,0,0,1,0,0,0,0.9642862640037736:0.9874551452763691
1,0,0,0,1,0,0,0,0.011920102487124476:0.9147203743678575
1,0,0,0,1,0,0,0,0.05953846935329513:0.958062719514673
1,0,0,0,1,0,0,0,0.10715658955303654:0.9448975443931124
1,0,0,0,1,0,0,0,0.15477490479695324:0.9615540662585282
1,0,0,0,1,0,0,0,0.20239321998063395:0.9858642473329723
1,0,0,0,1,0,0,0,0.2500115352245507:0.9972097238471163
1,0,0,0,1,0,0,0,0.2976298504684674:0.9973734159013785
1,0,0,0,1,0,0,0,0.34524816571238415:0.9994615824240745
1,0,0,0,1,0,0,0,0.3928664809563009:0.9894368769503624
1,0,0,0,1,0,0,0,0.4404847962002176:0.9990822206492279
1,0,0,0,1,0,0,0,0.48810311144413426:0.9873284906838687
1,0,0,0,1,0,0,0,0.5357214266278151:1.0008684832751864
1,0,0,0,1,0,0,0,0.5833397418717318:1.000179360691976
1,0,0,0,1,0,0,0,0.6309580573565925:0.993858663142679
1,0,0,0,1,0,0,0,0.6785763724198012:0.9941981470357761
1,0,0,0,1,0,0,0,0.7261946874830099:0.9956895755827309
1,0,0,0,1,0,0,0,0.7738130025462187:0.9907531192680504
1,0,0,0,1,0,0,0,0.8214313182117874:0.9900526860947753
1,0,0,0,1,0,0,0,0.8690496332749961:0.9921255401038578
1,0,0,0,1,0,0,0,0.9166679483382046:0.9869536547659016
1,0,0,0,1,0,0,0,0.9642862640037736:0.9817697163113014
0,0,0,0,0,0,0,1,0.011920102487124476:0.9999695955311393
0,0,0,0,0,0,0,1,0.05953846935329513:0.993846668102601
0,0,0,0,0,0,0,1,0.10715658955303654:0.9773203785389069
0,0,0,0,0,0,0,1,0.15477490479695324:0.9773343061432949
0,0,0,0,0,0,0,1,0.20239321998063395:0.990442099418469
0,0,0,0,0,0,0,1,0.2500115352245507:1.0049858653531978
0,0,0,0,0,0,0,1,0.2976298504684674:0.9766874286735691
0,0,0,0,0,0,0,1,0.34524816571238415:0.9868700652462741
0,0,0,0,0,0,0,1,0.3928664809563009:0.9935108380009916
0,0,0,0,0,0,0,1,0.4404847962002176:0.9810799324664828
0,0,0,0,0,0,0,1,0.48810311144413426:0.9842533321628437
0,0,0,0,0,0,0,1,0.5357214266278151:0.9990110915009514
0,0,0,0,0,0,0,1,0.5833397418717318:0.9987048612619066
0,0,0,0,0,0,0,1,0.6309580573565925:0.9856621937413969
0,0,0,0,0,0,0,1,0.6785763724198012:0.9953269598290357
0,0,0,0,0,0,0,1,0.7261946874830099:0.9799421841215166
0,0,0,0,0,0,0,1,0.7738130025462187:0.9899920451262606
0,0,0,0,0,0,0,1,0.8214313182117874:0.9991170479315138
0,0,0,0,0,0,0,1,0.8690496332749961:0.9848591516188632
0,0,0,0,0,0,0,1,0.9166679483382046:0.9889667077885568
0,0,0,0,0,0,0,1,0.9642862640037736:0.9888579717009058
0,0,1,0,1,0,0,0,0.011920102487124476:0.9940549588638086
0,0,1,0,1,0,0,0,0.05953846935329513:1.0196736310931707
0,0,1,0,1,0,0,0,0.10715658955303654:1.109407487883881
0,0,1,0,1,0,0,0,0.15477490479695324:1.167687639682356
0,0,1,0,1,0,0,0,0.20239321998063395:1.150455592256383
0,0,1,0,1,0,0,0,0.2500115352245507:1.0963655216125447
0,0,1,0,1,0,0,0,0.2976298504684674:1.0361680433998721
0,0,1,0,1,0,0,0,0.34524816571238415:1.0145829230544976
0,0,1,0,1,0,0,0,0.3928664809563009:1.001461454371488
0,0,1,0,1,0,0,0,0.4404847962002176:0.9841436349802162
0,0,1,0,1,0,0,0,0.48810311144413426:0.9895187114334165
0,0,1,0,1,0,0,0,0.5357214266278151:0.9826655875119911
0,0,1,0,1,0,0,0,0.5833397418717318:0.9867144886603694
0,0,1,0,1,0,0,0,0.6309580573565925:0.98559378686561
0,0,1,0,1,0,0,0,0.6785763724198012:0.9785132540621623
0,0,1,0,1,0,0,0,0.7261946874830099:0.9843950923603383
0,0,1,0,1,0,0,0,0.7738130025462187:0.9807139237037137
0,0,1,0,1,0,0,0,0.8214313182117874:0.9775621440352483
0,0,1,0,1,0,0,0,0.8690496332749961:0.9771742791444207
0,0,1,0,1,0,0,0,0.9166679483382046:0.9742381720353397
0,0,1,0,1,0,0,0,0.9642862640037736:0.9703274723535875
0,0,1,0,1,0,0,0,0.011920102487124476:0.9821060364438083
0,0,1,0,1,0,0,0,0.05953846935329513:1.0174971703855062
0,0,1,0,1,0,0,0,0.10715658955303654:1.0989467834843638
0,0,1,0,1,0,0,0,0.15477490479695324:1.1707897517019292
0,0,1,0,1,0,0,0,0.20239321998063395:1.152444073728542
0,0,1,0,1,0,0,0,0.2500115352245507:1.0966050044522186
0,0,1,0,1,0,0,0,0.2976298504684674:1.042621603686205
0,0,1,0,1,0,0,0,0.34524816571238415:1.0179163380215517
0,0,1,0,1,0,0,0,0.3928664809563009:1.0053719042517113
0,0,1,0,1,0,0,0,0.4404847962002176:0.993706949661575
0,0,1,0,1,0,0,0,0.48810311144413426:0.9797004648345703
0,0,1,0,1,0,0,0,0.5357214266278151:0.9911143072289449
0,0,1,0,1,0,0,0,0.5833397418717318:0.9865123745839585
0,0,1,0,1,0,0,0,0.6309580573565925:0.9854222719853608
0,0,1,0,1,0,0,0,0.6785763724198012:0.9787805991972356
0,0,1,0,1,0,0,0,0.7261946874830099:0.9835337704535451
0,0,1,0,1,0,0,0,0.7738130025462187:0.9781248960110399
0,0,1,0,1,0,0,0,0.8214313182117874:0.9805013193160156
0,0,1,0,1,0,0,0,0.8690496332749961:0.9807230900908286
0,0,1,0,1,0,0,0,0.9166679483382046:0.9745074583098688
0,0,1,0,1,0,0,0,0.9642862640037736:0.9700644480772472
0,0,1,0,1,0,0,0,0.011920102487124476:0.9334428944450457
0,0,1,0,1,0,0,0,0.05953846935329513:1.0164891234718125
0,0,1,0,1,0,0,0,0.10715658955303654:1.1022070939715471
0,0,1,0,1,0,0,0,0.15477490479695324:1.171360364503172
0,0,1,0,1,0,0,0,0.20239321998063395:1.1537146948262744
0,0,1,0,1,0,0,0,0.2500115352245507:1.0995082240572935
0,0,1,0,1,0,0,0,0.2976298504684674:1.039850276254233
0,0,1,0,1,0,0,0,0.34524816571238415:1.0122069007173726
0,0,1,0,1,0,0,0,0.3928664809563009:1.002868417799189
0,0,1,0,1,0,0,0,0.4404847962002176:1.0025912583556562
0,0,1,0,1,0,0,0,0.48810311144413426:0.9829136686841974
0,0,1,0,1,0,0,0,0.5357214266278151:0.9910354932983452
0,0,1,0,1,0,0,0,0.5833397418717318:0.9896990528538393
0,0,1,0,1,0,0,0,0.6309580573565925:0.9799202611687348
0,0,1,0,1,0,0,0,0.6785763724198012:0.9733134213064132
0,0,1,0,1,0,0,0,0.7261946874830099:0.9841968414791101
0,0,1,0,1,0,0,0,0.7738130025462187:0.9796496710777863
0,0,1,0,1,0,0,0,0.8214313182117874:0.9783473634446368
0,0,1,0,1,0,0,0,0.8690496332749961:0.9793549403903344
0,0,1,0,1,0,0,0,0.9166679483382046:0.975031790224204
0,0,1,0,1,0,0,0,0.9642862640037736:0.9743431404011407
0,0,1,0,1,0,0,0,0.011920102487124476:0.9385727519297549
0,0,1,0,1,0,0,0,0.05953846935329513:1.013374288867489
0,0,1,0,1,0,0,0,0.10715658955303654:1.1018902498207077
0,0,1,0,1,0,0,0,0.15477490479695324:1.1730463587588211
0,0,1,0,1,0,0,0,0.20239321998063395:1.1508394613991124
0,0,1,0,1,0,0,0,0.2500115352245507:1.1055528654203082
0,0,1,0,1,0,0,0,0.2976298504684674:1.0368707445090621
0,0,1,0,1,0,0,0,0.34524816571238415:1.0188302779675003
0,0,1,0,1,0,0,0,0.3928664809563009:1.0049450793191002
0,0,1,0,1,0,0,0,0.4404847962002176:0.9940973640500389
0,0,1,0,1,0,0,0,0.48810311144413426:0.984659909697593
0,0,1,0,1,0,0,0,0.5357214266278151:0.9848393403095143
0,0,1,0,1,0,0,0,0.5833397418717318:0.9886169907765265
0,0,1,0,1,0,0,0,0.6309580573565925:0.980987344824562
0,0,1,0,1,0,0,0,0.6785763724198012:0.9805602958918332
0,0,1,0,1,0,0,0,0.7261946874830099:0.9836788455740548
0,0,1,0,1,0,0,0,0.7738130025462187:0.982825242642442
0,0,1,0,1,0,0,0,0.8214313182117874:0.9788334704315721
0,0,1,0,1,0,0,0,0.8690496332749961:0.9807085364791899
0,0,1,0,1,0,0,0,0.9166679483382046:0.9746837003528974
0,0,1,0,1,0,0,0,0.9642862640037736:0.9702342412965959
0,0,1,0,0,1,0,0,0.011920102487124476:0.9792510147351815
0,0,1,0,0,1,0,0,0.05953846935329513:1.0041911725879675
0,0,1,0,0,1,0,0,0.10715658955303654:1.1110583405095553
0,0,1,0,0,1,0,0,0.15477490479695324:1.2050518554832
0,0,1,0,0,1,0,0,0.20239321998063395:1.163968950906168
0,0,1,0,0,1,0,0,0.2500115352245507:1.1183369678497095
0,0,1,0,0,1,0,0,0.2976298504684674:1.0560489126665367
0,0,1,0,0,1,0,0,0.34524816571238415:1.027538983497852
0,0,1,0,0,1,0,0,0.3928664809563009:1.008639989616295
0,0,1,0,0,1,0,0,0.4404847962002176:1.0009576843111168
0,0,1,0,0,1,0,0,0.48810311144413426:0.9934784426692619
0,0,1,0,0,1,0,0,0.5357214266278151:0.9916295500616632
0,0,1,0,0,1,0,0,0.5833397418717318:0.9909090147941375
0,0,1,0,0,1,0,0,0.6309580573565925:0.9847924725051826
0,0,1,0,0,1,0,0,0.6785763724198012:0.9870906041428615
0,0,1,0,0,1,0,0,0.7261946874830099:0.9847966657320191
0,0,1,0,0,1,0,0,0.7738130025462187:0.9855477557964664
0,0,1,0,0,1,0,0,0.8214313182117874:0.9850218466724717
0,0,1,0,0,1,0,0,0.8690496332749961:0.9829639131096325
0,0,1,0,0,1,0,0,0.9166679483382046:0.9817981914169216
0,0,1,0,0,1,0,0,0.9642862640037736:0.9764591624306413
0,0,1,0,0,1,0,0,0.011920102487124476:0.9613373183380507
0,0,1,0,0,1,0,0,0.05953846935329513:1.0145737797092147
0,0,1,0,0,1,0,0,0.10715658955303654:1.0987111117360213
0,0,1,0,0,1,0,0,0.15477490479695324:1.2037181565362083
0,0,1,0,0,1,0,0,0.20239321998063395:1.152581465476191
0,0,1,0,0,1,0,0,0.2500115352245507:1.1142894654375897
0,0,1,0,0,1,0,0,0.2976298504684674:1.0570893743190144
0,0,1,0,0,1,0,0,0.34524816571238415:1.0282239652812675
0,0,1,0,0,1,0,0,0.3928664809563009:1.0092195381507396
0,0,1,0,0,1,0,0,0.4404847962002176:0.9959084256393408
0,0,1,0,0,1,0,0,0.48810311144413426:0.9977850562172703
0,0,1,0,0,1,0,0,0.5357214266278151:0.9953879659414805
0,0,1,0,0,1,0,0,0.5833397418717318:1.0013150785921063
0,0,1,0,0,1,0,0,0.6309580573565925:0.9842672552253905
0,0,1,0,0,1,0,0,0.6785763724198012:0.981651676746944
0,0,1,0,0,1,0,0,0.7261946874830099:0.9899017632368693
0,0,1,0,0,1,0,0,0.7738130025462187:0.9812690609618371
0,0,1,0,0,1,0,0,0.8214313182117874:0.9859612436515105
0,0,1,0,0,1,0,0,0.8690496332749961:0.9866125208233117
0,0,1,0,0,1,0,0,0.9166679483382046:0.9826557412775214
0,0,1,0,0,1,0,0,0.9642862640037736:0.9783566235031875
0,0,1,0,0,1,0,0,0.011920102487124476:0.9289234051793528
0,0,1,0,0,1,0,0,0.05953846935329513:1.0015122122219915
0,0,1,0,0,1,0,0,0.10715658955303654:1.1232947553861905
0,0,1,0,0,1,0,0,0.15477490479695324:1.1988959159198773
0,0,1,0,0,1,0,0,0.20239321998063395:1.1629984833491134
0,0,1,0,0,1,0,0,0.2500115352245507:1.1169608637101933
0,0,1,0,0,1,0,0,0.2976298504684674:1.0618743964947006
0,0,1,0,0,1,0,0,0.34524816571238415:1.0286716345848175
0,0,1,0,0,1,0,0,0.3928664809563009:1.0163316830092672
0,0,1,0,0,1,0,0,0.4404847962002176:1.0016566450680753
0,0,1,0,0,1,0,0,0.48810311144413426:0.98964624814948
0,0,1,0,0,1,0,0,0.5357214266278151:0.9923956350837634
0,0,1,0,0,1,0,0,0.5833397418717318:0.993046671109892
0,0,1,0,0,1,0,0,0.6309580573565925:0.9891554736085286
0,0,1,0,0,1,0,0,0.6785763724198012:0.987244373019737
0,0,1,0,0,1,0,0,0.7261946874830099:0.9892639593807663
0,0,1,0,0,1,0,0,0.7738130025462187:0.9801015065879054
0,0,1,0,0,1,0,0,0.8214313182117874:0.9831511403422244
0,0,1,0,0,1,0,0,0.8690496332749961:0.9887640021805495
0,0,1,0,0,1,0,0,0.9166679483382046:0.9791944311240629
0,0,1,0,0,1,0,0,0.9642862640037736:0.9775725050751759
0,0,1,0,0,1,0,0,0.011920102487124476:0.9613241647045436
0,0,1,0,0,1,0,0,0.05953846935329513:1.0015201061043575
0,0,1,0,0,1,0,0,0.10715658955303654:1.1176431747835918
0,0,1,0,0,1,0,0,0.15477490479695324:1.1998103606770956
0,0,1,0,0,1,0,0,0.20239321998063395:1.1595792420772133
0,0,1,0,0,1,0,0,0.2500115352245507:1.1181550740702388
0,0,1,0,0,1,0,0,0.2976298504684674:1.064280093660925
0,0,1,0,0,1,0,0,0.34524816571238415:1.0312001977499041
0,0,1,0,0,1,0,0,0.3928664809563009:1.017806627181488
0,0,1,0,0,1,0,0,0.4404847962002176:0.994786068500117
0,0,1,0,0,1,0,0,0.48810311144413426:0.9949662332084712
0,0,1,0,0,1,0,0,0.5357214266278151:0.9937635910780818
0,0,1,0,0,1,0,0,0.5833397418717318:0.9793914378184971
0,0,1,0,0,1,0,0,0.6309580573565925:0.9883305212914641
0,0,1,0,0,1,0,0,0.6785763724198012:0.9923332472791792
0,0,1,0,0,1,0,0,0.7261946874830099:0.9954159420482064
0,0,1,0,0,1,0,0,0.7738130025462187:0.9837039726974505
0,0,1,0,0,1,0,0,0.8214313182117874:0.9802462163808981
0,0,1,0,0,1,0,0,0.8690496332749961:0.9749970335831295
0,0,1,0,0,1,0,0,0.9166679483382046:0.9796936773641652
0,0,1,0,0,1,0,0,0.9642862640037736:0.9772761168480054
0,0,0,0,0,0,0,1,0.011920102487124476:0.9834040454051006
0,0,0,0,0,0,0,1,0.05953846935329513:0.9865304527161105
0,0,0,0,0,0,0,1,0.10715658955303654:0.9890269691529993
0,0,0,0,0,0,0,1,0.15477490479695324:0.9862268367590123
0,0,0,0,0,0,0,1,0.20239321998063395:0.981610825854332
0,0,0,0,0,0,0,1,0.2500115352245507:1.005861193735999
0,0,0,0,0,0,0,1,0.2976298504684674:0.9806710772972522
0,0,0,0,0,0,0,1,0.34524816571238415:0.989624526634632
0,0,0,0,0,0,0,1,0.3928664809563009:0.9738062835265273
0,0,0,0,0,0,0,1,0.4404847962002176:0.9742276236377515
0,0,0,0,0,0,0,1,0.48810311144413426:0.9875986721094224
0,0,0,0,0,0,0,1,0.5357214266278151:0.9908270054236693
0,0,0,0,0,0,0,1,0.5833397418717318:0.9908123585220298
0,0,0,0,0,0,0,1,0.6309580573565925:0.9892481865757436
0,0,0,0,0,0,0,1,0.6785763724198012:0.9876194437392305
0,0,0,0,0,0,0,1,0.7261946874830099:0.9842942743786048
0,0,0,0,0,0,0,1,0.7738130025462187:0.9824794634707726
0,0,0,0,0,0,0,1,0.8214313182117874:0.99107515944951
0,0,0,0,0,0,0,1,0.8690496332749961:0.9878851631982952
0,0,0,0,0,0,0,1,0.9166679483382046:0.9874123704552813
0,0,0,0,0,0,0,1,0.9642862640037736:0.9918632512054861
0,0,0,0,0,0,1,0,0.011920102487124476:0.9662529663517392
0,0,0,0,0,0,1,0,0.05953846935329513:0.9777534606455217
0,0,0,0,0,0,1,0,0.10715658955303654:0.9885902733863733
0,0,0,0,0,0,1,0,0.15477490479695324:0.9715655731241967
0,0,0,0,0,0,1,0,0.20239321998063395:0.9866397880317982
0,0,0,0,0,0,1,0,0.2500115352245507:0.9848315832384384
0,0,0,0,0,0,1,0,0.2976298504684674:0.9716488717006196
0,0,0,0,0,0,1,0,0.34524816571238415:0.9799497543899457
0,0,0,0,0,0,1,0,0.3928664809563009:0.9805597425763302
0,0,0,0,0,0,1,0,0.4404847962002176:0.9749927501558716
0,0,0,0,0,0,1,0,0.48810311144413426:0.9772201789110618
0,0,0,0,0,0,1,0,0.5357214266278151:0.979564851152191
0,0,0,0,0,0,1,0,0.5833397418717318:0.9836985142340319
0,0,0,0,0,0,1,0,0.6309580573565925:0.977904997961918
0,0,0,0,0,0,1,0,0.6785763724198012:0.9835373118962424
0,0,0,0,0,0,1,0,0.7261946874830099:0.9905704625630469
0,0,0,0,0,0,1,0,0.7738130025462187:0.9851116101283288
0,0,0,0,0,0,1,0,0.8214313182117874:0.9805341112051137
0,0,0,0,0,0,1,0,0.8690496332749961:0.9829412339109284
0,0,0,0,0,0,1,0,0.9166679483382046:0.9788847522760307
0,0,0,0,0,0,1,0,0.9642862640037736:0.9792087405760206
0,0,0,0,0,0,1,0,0.011920102487124476:0.9682976130858101
0,0,0,0,0,0,1,0,0.05953846935329513:0.9812621744025213
0,0,0,0,0,0,1,0,0.10715658955303654:0.98156687456764
0,0,0,0,0,0,1,0,0.15477490479695324:0.9703939358552468
0,0,0,0,0,0,1,0,0.20239321998063395:0.9839570181529795
0,0,0,0,0,0,1,0,0.2500115352245507:0.9851323529196423
0,0,0,0,0,0,1,0,0.2976298504684674:0.9783259352691652
0,0,0,0,0,0,1,0,0.34524816571238415:0.9759249398728158
0,0,0,0,0,0,1,0,0.3928664809563009:0.9820643670830377
0,0,0,0,0,0,1,0,0.4404847962002176:0.9728749684282062
0,0,0,0,0,0,1,0,0.48810311144413426:0.9760933849206436
0,0,0,0,0,0,1,0,0.5357214266278151:0.9791471970916691
0,0,0,0,0,0,1,0,0.5833397418717318:0.9820395531456388
0,0,0,0,0,0,1,0,0.6309580573565925:0.9741175953546374
0,0,0,0,0,0,1,0,0.6785763724198012:0.9758677501800281
0,0,0,0,0,0,1,0,0.7261946874830099:0.9796246596734882
0,0,0,0,0,0,1,0,0.7738130025462187:0.9868338803374839
0,0,0,0,0,0,1,0,0.8214313182117874:0.9819518068439884
0,0,0,0,0,0,1,0,0.8690496332749961:0.9790123036428316
0,0,0,0,0,0,1,0,0.9166679483382046:0.980945154940613
0,0,0,0,0,0,1,0,0.9642862640037736:0.980033479973852
0,0,0,0,0,0,1,0,0.011920102487124476:0.9794138932565124
0,0,0,0,0,0,1,0,0.05953846935329513:0.981553913954681
0,0,0,0,0,0,1,0,0.10715658955303654:0.9800719994666706
0,0,0,0,0,0,1,0,0.15477490479695324:0.9712558993504719
0,0,0,0,0,0,1,0,0.20239321998063395:0.978282780118291
0,0,0,0,0,0,1,0,0.2500115352245507:0.9922721224451918
0,0,0,0,0,0,1,0,0.2976298504684674:0.9766343079090142
0,0,0,0,0,0,1,0,0.34524816571238415:0.9802291703990438
0,0,0,0,0,0,1,0,0.3928664809563009:0.9762659549839323
0,0,0,0,0,0,1,0,0.4404847962002176:0.9644533644478118
0,0,0,0,0,0,1,0,0.48810311144413426:0.9807954847702599
0,0,0,0,0,0,1,0,0.5357214266278151:0.9880431930240394
0,0,0,0,0,0,1,0,0.5833397418717318:0.9810541547776335
0,0,0,0,0,0,1,0,0.6309580573565925:0.9839196555135742
0,0,0,0,0,0,1,0,0.6785763724198012:0.973497302036111
0,0,0,0,0,0,1,0,0.7261946874830099:0.9814927205001456
0,0,0,0,0,0,1,0,0.7738130025462187:0.9825272275827764
0,0,0,0,0,0,1,0,0.8214313182117874:0.9860709795696698
0,0,0,0,0,0,1,0,0.8690496332749961:0.9813387856447396
0,0,0,0,0,0,1,0,0.9166679483382046:0.9773511144294293
0,0,0,0,0,0,1,0,0.9642862640037736:0.9755432537387425
0,0,0,0,0,0,1,0,0.011920102487124476:0.9755966158144601
0,0,0,0,0,0,1,0,0.05953846935329513:0.9793282665364634
0,0,0,0,0,0,1,0,0.10715658955303654:0.9772938513885912
0,0,0,0,0,0,1,0,0.15477490479695324:0.9754920877806373
0,0,0,0,0,0,1,0,0.20239321998063395:0.9828266409537509
0,0,0,0,0,0,1,0,0.2500115352245507:0.9826593358948121
0,0,0,0,0,0,1,0,0.2976298504684674:0.9700994262106954
0,0,0,0,0,0,1,0,0.34524816571238415:0.9767475816484332
0,0,0,0,0,0,1,0,0.3928664809563009:0.9722221915615773
0,0,0,0,0,0,1,0,0.4404847962002176:0.97125648088646
0,0,0,0,0,0,1,0,0.48810311144413426:0.9692044632419456
0,0,0,0,0,0,1,0,0.5357214266278151:0.980927701323841
0,0,0,0,0,0,1,0,0.5833397418717318:0.9808188625139398
0,0,0,0,0,0,1,0,0.6309580573565925:0.9812271431657112
0,0,0,0,0,0,1,0,0.6785763724198012:0.9780821436737207
0,0,0,0,0,0,1,0,0.7261946874830099:0.9738679129498425
0,0,0,0,0,0,1,0,0.7738130025462187:0.9810067331106656
0,0,0,0,0,0,1,0,0.8214313182117874:0.9878896245832403
0,0,0,0,0,0,1,0,0.8690496332749961:0.9729444055996073
0,0,0,0,0,0,1,0,0.9166679483382046:0.9737314077541461
0,0,0,0,0,0,1,0,0.9642862640037736:0.9814886174950961
0,0,0,0,0,0,0,1,0.011920102487124476:0.9960278275644919
0,0,0,0,0,0,0,1,0.05953846935329513:0.9975392727672195
0,0,0,0,0,0,0,1,0.10715658955303654:0.9863727675947975
0,0,0,0,0,0,0,1,0.15477490479695324:0.9778580411963214
0,0,0,0,0,0,0,1,0.20239321998063395:0.9801273674513687
0,0,0,0,0,0,0,1,0.2500115352245507:1.0064147294817452
0,0,0,0,0,0,0,1,0.2976298504684674:0.9845240079503764
0,0,0,0,0,0,0,1,0.34524816571238415:0.9895079928341978
0,0,0,0,0,0,0,1,0.3928664809563009:0.9883730154437509
0,0,0,0,0,0,0,1,0.4404847962002176:0.9787099213470581
0,0,0,0,0,0,0,1,0.48810311144413426:0.9886279223185158
0,0,0,0,0,0,0,1,0.5357214266278151:0.9844657280661793
0,0,0,0,0,0,0,1,0.5833397418717318:0.9860002122966964
0,0,0,0,0,0,0,1,0.6309580573565925:0.9800829732660825
0,0,0,0,0,0,0,1,0.6785763724198012:0.9902165317127859
0,0,0,0,0,0,0,1,0.7261946874830099:0.9861656917565477
0,0,0,0,0,0,0,1,0.7738130025462187:0.9893325750572876
0,0,0,0,0,0,0,1,0.8214313182117874:0.9904826491940797
0,0,0,0,0,0,0,1,0.8690496332749961:0.9994453219362631
0,0,0,0,0,0,0,1,0.9166679483382046:0.9950829526661478
0,0,0,0,0,0,0,1,0.9642862640037736:0.9874533715332349
0,0,0,0,0,0,0,1,0.011920102487124476:0.9841124398918634
0,0,0,0,0,0,0,1,0.05953846935329513:0.9959882390176552
0,0,0,0,0,0,0,1,0.10715658955303654:0.974598777277961
0,0,0,0,0,0,0,1,0.15477490479695324:0.989586403739228
0,0,0,0,0,0,0,1,0.20239321998063395:0.982622329713177
0,0,0,0,0,0,0,1,0.2500115352245507:0.9997348037094896
0,0,0,0,0,0,0,1,0.2976298504684674:0.9877573613597803
0,0,0,0,0,0,0,1,0.34524816571238415:1.0022401450131546
0,0,0,0,0,0,0,1,0.3928664809563009:0.9817527644053333
0,0,0,0,0,0,0,1,0.4404847962002176:0.974357943201946
0,0,0,0,0,0,0,1,0.48810311144413426:1.0043465804892915
0,0,0,0,0,0,0,1,0.5357214266278151:0.9945716916735488
0,0,0,0,0,0,0,1,0.5833397418717318:0.9994993198481025
0,0,0,0,0,0,0,1,0.6309580573565925:0.9905806351254284
0,0,0,0,0,0,0,1,0.6785763724198012:0.9847789132081446
0,0,0,0,0,0,0,1,0.7261946874830099:0.9991953743726276
0,0,0,0,0,0,0,1,0.7738130025462187:0.9902037948911424
0,0,0,0,0,0,0,1,0.8214313182117874:0.9891489851115061
0,0,0,0,0,0,0,1,0.8690496332749961:0.9898719344540606
0,0,0,0,0,0,0,1,0.9166679483382046:0.9894042880089392
0,0,0,0,0,0,0,1,0.9642862640037736:0.9887433126189599
0,0,0,0,0,0,0,1,0.011920102487124476:0.9954196233851059
0,0,0,0,0,0,0,1,0.05953846935329513:0.9868237287151843
0,0,0,0,0,0,0,1,0.10715658955303654:0.9932783590250802
0,0,0,0,0,0,0,1,0.15477490479695324:0.9771688085594455
0,0,0,0,0,0,0,1,0.20239321998063395:0.9837900922671353
0,0,0,0,0,0,0,1,0.2500115352245507:0.9919314682624569
0,0,0,0,0,0,0,1,0.2976298504684674:0.9867549788166123
0,0,0,0,0,0,0,1,0.34524816571238415:1.0040825434684792
0,0,0,0,0,0,0,1,0.3928664809563009:0.9868297845983444
0,0,0,0,0,0,0,1,0.4404847962002176:0.9819271946314476
0,0,0,0,0,0,0,1,0.48810311144413426:0.9942775354589236
0,0,0,0,0,0,0,1,0.5357214266278151:0.9919190380463513
0,0,0,0,0,0,0,1,0.5833397418717318:0.9994759510669309
0,0,0,0,0,0,0,1,0.6309580573565925:0.9928683618071064
0,0,0,0,0,0,0,1,0.6785763724198012:0.9883988084718276
0,0,0,0,0,0,0,1,0.7261946874830099:0.989235627788751
0,0,0,0,0,0,0,1,0.7738130025462187:0.9951380564959865
0,0,0,0,0,0,0,1,0.8214313182117874:0.996455501077186
0,0,0,0,0,0,0,1,0.8690496332749961:1.0002617580707969
0,0,0,0,0,0,0,1,0.9166679483382046:0.990350781698314
0,0,0,0,0,0,0,1,0.9642862640037736:0.9883935602979718
0,0,0,0,0,0,0,1,0.011920102487124476:0.9877362126679808
0,0,0,0,0,0,0,1,0.05953846935329513:0.9859679920366401
0,0,0,0,0,0,0,1,0.10715658955303654:0.9848398153944392
0,0,0,0,0,0,0,1,0.15477490479695324:0.9798168396454356
0,0,0,0,0,0,0,1,0.20239321998063395:0.9805415434778859
0,0,0,0,0,0,0,1,0.2500115352245507:0.9960187397160365
0,0,0,0,0,0,0,1,0.2976298504684674:0.9825432061152052
0,0,0,0,0,0,0,1,0.34524816571238415:0.9991128691098168
0,0,0,0,0,0,0,1,0.3928664809563009:0.9937223734035967
0,0,0,0,0,0,0,1,0.4404847962002176:0.9796540829624836
0,0,0,0,0,0,0,1,0.48810311144413426:0.9876725084057177
0,0,0,0,0,0,0,1,0.5357214266278151:0.9864487521589218
0,0,0,0,0,0,0,1,0.5833397418717318:0.9876015932794157
0,0,0,0,0,0,0,1,0.6309580573565925:0.9861168935004749
0,0,0,0,0,0,0,1,0.6785763724198012:0.997026716487109
0,0,0,0,0,0,0,1,0.7261946874830099:0.9869344550463451
0,0,0,0,0,0,0,1,0.7738130025462187:0.996694986170933
0,0,0,0,0,0,0,1,0.8214313182117874:0.9871923031151878
0,0,0,0,0,0,0,1,0.8690496332749961:0.9961777935953506
0,0,0,0,0,0,0,1,0.9166679483382046:1.0028516308394249
0,0,0,0,0,0,0,1,0.9642862640037736:0.9948775006811105