1,0,0,0,0,0,0,0,0.011920102487124476:0.9608757725477572
1,0,0,0,0,0,0,0,0.05953846935329513:0.957152643232017
1,0,0,0,0,0,0,0,0.10715658955303654:0.9597638024175084
1,0,0,0,0,0,0,0,0.15477490479695324:0.982250114151951
1,0,0,0,0,0,0,0,0.20239321998063395:1.067633048606067
1,0,0,0,0,0,0,0,0.2500115352245507:1.1579282984272137
1,0,0,0,0,0,0,0,0.2976298504684674:1.055998331740706
1,0,0,0,0,0,0,0,0.34524816571238415:1.0126394028243815
1,0,0,0,0,0,0,0,0.3928664809563009:1.0012851571044497
1,0,0,0,0,0,0,0,0.4404847962002176:0.9956423013252361
1,0,0,0,0,0,0,0,0.48810311144413426:0.989953029481789
1,0,0,0,0,0,0,0,0.5357214266278151:0.9856408338725744
1,0,0,0,0,0,0,0,0.5833397418717318:0.980476045565681
1,0,0,0,0,0,0,0,0.6309580573565925:0.9847506104771959
1,0,0,0,0,0,0,0,0.6785763724198012:0.9794410845097327
1,0,0,0,0,0,0,0,0.7261946874830099:0.9759468120023574
1,0,0,0,0,0,0,0,0.7738130025462187:0.9768496800207966
1,0,0,0,0,0,0,0,0.8214313182117874:0.9805435041672371
1,0,0,0,0,0,0,0,0.8690496332749961:0.9779169467493078
1,0,0,0,0,0,0,0,0.9166679483382046:0.9713192146964962
1,0,0,0,0,0,0,0,0.9642862640037736:0.9692338868559766
1,0,0,0,0,0,0,0,0.011920102487124476:0.9549317818140984
1,0,0,0,0,0,0,0,0.05953846935329513:0.9583352447020559
1,0,0,0,0,0,0,0,0.10715658955303654:0.9580670138547706
1,0,0,0,0,0,0,0,0.15477490479695324:0.9776163091156214
1,0,0,0,0,0,0,0,0.20239321998063395:1.0624643194866106
1,0,0,0,0,0,0,0,0.2500115352245507:1.1503534290814776
1,0,0,0,0,0,0,0,0.2976298504684674:1.0596989128853103
1,0,0,0,0,0,0,0,0.34524816571238415:1.0106533944706821
1,0,0,0,0,0,0,0,0.3928664809563009:1.0056510848292757
1,0,0,0,0,0,0,0,0.4404847962002176:0.9976477761469867
1,0,0,0,0,0,0,0,0.48810311144413426:0.987612663136483
1,0,0,0,0,0,0,0,0.5357214266278151:0.9872079892304855
1,0,0,0,0,0,0,0,0.5833397418717318:0.9809125053842594
1,0,0,0,0,0,0,0,0.6309580573565925:0.981723846930581
1,0,0,0,0,0,0,0,0.6785763724198012:0.9788919540445691
1,0,0,0,0,0,0,0,0.7261946874830099:0.9834363750056008
1,0,0,0,0,0,0,0,0.7738130025462187:0.9748714640261616
1,0,0,0,0,0,0,0,0.8214313182117874:0.976450739907417
1,0,0,0,0,0,0,0,0.8690496332749961:0.9775138382493436
1,0,0,0,0,0,0,0,0.9166679483382046:0.9704397843263352
1,0,0,0,0,0,0,0,0.9642862640037736:0.9660635616025711
1,0,0,0,0,0,0,0,0.011920102487124476:0.962548616333096
1,0,0,0,0,0,0,0,0.05953846935329513:0.9597584469306518
1,0,0,0,0,0,0,0,0.10715658955303654:0.9600110200100807
1,0,0,0,0,0,0,0,0.15477490479695324:0.9742131760123944
1,0,0,0,0,0,0,0,0.20239321998063395:1.0560967688656049
1,0,0,0,0,0,0,0,0.2500115352245507:1.1498607563730043
1,0,0,0,0,0,0,0,0.2976298504684674:1.0553092359302338
1,0,0,0,0,0,0,0,0.34524816571238415:1.0173844876034595
1,0,0,0,0,0,0,0,0.3928664809563009:1.0092037385805193
1,0,0,0,0,0,0,0,0.4404847962002176:0.9925190961766672
1,0,0,0,0,0,0,0,0.48810311144413426:0.9880514193928122
1,0,0,0,0,0,0,0,0.5357214266278151:0.987118064518379
1,0,0,0,0,0,0,0,0.5833397418717318:0.9797708900738927
1,0,0,0,0,0,0,0,0.6309580573565925:0.9766051724985694
1,0,0,0,0,0,0,0,0.6785763724198012:0.9759118242904139
1,0,0,0,0,0,0,0,0.7261946874830099:0.9777193095872385
1,0,0,0,0,0,0,0,0.7738130025462187:0.9767032407665089
1,0,0,0,0,0,0,0,0.8214313182117874:0.9735335430704571
1,0,0,0,0,0,0,0,0.8690496332749961:0.9737920850373825
1,0,0,0,0,0,0,0,0.9166679483382046:0.9659862702918077
1,0,0,0,0,0,0,0,0.9642862640037736:0.9711854119328038
1,0,0,0,0,0,0,0,0.011920102487124476:0.9592501700398904
1,0,0,0,0,0,0,0,0.05953846935329513:0.9592528317991157
1,0,0,0,0,0,0,0,0.10715658955303654:0.9644376434220633
1,0,0,0,0,0,0,0,0.15477490479695324:0.9787990867298899
1,0,0,0,0,0,0,0,0.20239321998063395:1.053523910413426
1,0,0,0,0,0,0,0,0.2500115352245507:1.1553473246513586
1,0,0,0,0,0,0,0,0.2976298504684674:1.0603019010602746
1,0,0,0,0,0,0,0,0.34524816571238415:1.0143749336161545
1,0,0,0,0,0,0,0,0.3928664809563009:1.005624752638152
1,0,0,0,0,0,0,0,0.4404847962002176:0.9986563065190797
1,0,0,0,0,0,0,0,0.48810311144413426:0.9906904675536418
1,0,0,0,0,0,0,0,0.5357214266278151:0.9851156427565017
1,0,0,0,0,0,0,0,0.5833397418717318:0.9772498288471567
1,0,0,0,0,0,0,0,0.6309580573565925:0.9807934280011084
1,0,0,0,0,0,0,0,0.6785763724198012:0.9791108254643947
1,0,0,0,0,0,0,0,0.7261946874830099:0.9797287507769921
1,0,0,0,0,0,0,0,0.7738130025462187:0.972977085728404
1,0,0,0,0,0,0,0,0.8214313182117874:0.9751611280423805
1,0,0,0,0,0,0,0,0.8690496332749961:0.97814233282605
1,0,0,0,0,0,0,0,0.9166679483382046:0.9693935993959094
1,0,0,0,0,0,0,0,0.9642862640037736:0.972308015186102
0,1,0,0,0,0,0,0,0.011920102487124476:0.9487892569008686
0,1,0,0,0,0,0,0,0.05953846935329513:0.9621021022531506
0,1,0,0,0,0,0,0,0.10715658955303654:0.9570798521575059
0,1,0,0,0,0,0,0,0.15477490479695324:0.9513219126503586
0,1,0,0,0,0,0,0,0.20239321998063395:1.0235132231318091
0,1,0,0,0,0,0,0,0.2500115352245507:1.0315770329117488
0,1,0,0,0,0,0,0,0.2976298504684674:0.9479136918230427
0,1,0,0,0,0,0,0,0.34524816571238415:0.9489681415286254
0,1,0,0,0,0,0,0,0.3928664809563009:0.9584474022851774
0,1,0,0,0,0,0,0,0.4404847962002176:0.969554038481501
0,1,0,0,0,0,0,0,0.48810311144413426:0.9754079883995812
0,1,0,0,0,0,0,0,0.5357214266278151:0.9879521284869278
0,1,0,0,0,0,0,0,0.5833397418717318:0.9517182694213621
0,1,0,0,0,0,0,0,0.6309580573565925:0.9996249590209998
0,1,0,0,0,0,0,0,0.6785763724198012:0.9532171408859684
0,1,0,0,0,0,0,0,0.7261946874830099:0.9865986308343357
0,1,0,0,0,0,0,0,0.7738130025462187:0.9675122944844126
0,1,0,0,0,0,0,0,0.8214313182117874:0.9927313264221517
0,1,0,0,0,0,0,0,0.8690496332749961:0.9904580357299304
0,1,0,0,0,0,0,0,0.9166679483382046:0.9585478091356583
0,1,0,0,0,0,0,0,0.9642862640037736:0.9663537277205936
0,1,0,0,0,0,0,0,0.011920102487124476:0.9538018204712863
0,1,0,0,0,0,0,0,0.05953846935329513:0.9507741443313397
0,1,0,0,0,0,0,0,0.10715658955303654:0.9473700458859803
0,1,0,0,0,0,0,0,0.15477490479695324:0.9578514049691177
0,1,0,0,0,0,0,0,0.20239321998063395:0.9801117727574464
0,1,0,0,0,0,0,0,0.2500115352245507:1.0045559257470678
0,1,0,0,0,0,0,0,0.2976298504684674:0.9944615861081687
0,1,0,0,0,0,0,0,0.34524816571238415:0.9982313468160344
0,1,0,0,0,0,0,0,0.3928664809563009:0.9966714888424532
0,1,0,0,0,0,0,0,0.4404847962002176:0.9913429689612677
0,1,0,0,0,0,0,0,0.48810311144413426:0.9800229249496905
0,1,0,0,0,0,0,0,0.5357214266278151:0.9908778548239313
0,1,0,0,0,0,0,0,0.5833397418717318:0.9803944023635339
0,1,0,0,0,0,0,0,0.6309580573565925:0.9892918024516565
0,1,0,0,0,0,0,0,0.6785763724198012:0.9853854750559515
0,1,0,0,0,0,0,0,0.7261946874830099:0.9935637497727579
0,1,0,0,0,0,0,0,0.7738130025462187:0.9872068435367728
0,1,0,0,0,0,0,0,0.8214313182117874:0.9853750385472589
0,1,0,0,0,0,0,0,0.8690496332749961:0.9886780755815247
0,1,0,0,0,0,0,0,0.9166679483382046:0.98215464814695
0,1,0,0,0,0,0,0,0.9642862640037736:0.9743109663962842
0,1,0,0,0,0,0,0,0.011920102487124476:0.9435488966834136
0,1,0,0,0,0,0,0,0.05953846935329513:0.9512830155929065
0,1,0,0,0,0,0,0,0.10715658955303654:0.9413771186166419
0,1,0,0,0,0,0,0,0.15477490479695324:0.9548465569665278
0,1,0,0,0,0,0,0,0.20239321998063395:0.984890017822783
0,1,0,0,0,0,0,0,0.2500115352245507:0.9970285802761485
0,1,0,0,0,0,0,0,0.2976298504684674:0.9874780816484349
0,1,0,0,0,0,0,0,0.34524816571238415:0.9960277026677656
0,1,0,0,0,0,0,0,0.3928664809563009:0.9865028212267037
0,1,0,0,0,0,0,0,0.4404847962002176:0.9938479205431808
0,1,0,0,0,0,0,0,0.48810311144413426:0.983821514258963
0,1,0,0,0,0,0,0,0.5357214266278151:0.9907442320955469
0,1,0,0,0,0,0,0,0.5833397418717318:0.9833410839900766
0,1,0,0,0,0,0,0,0.6309580573565925:0.9798823422630306
0,1,0,0,0,0,0,0,0.6785763724198012:0.9805087083533353
0,1,0,0,0,0,0,0,0.7261946874830099:0.9923978778244692
0,1,0,0,0,0,0,0,0.7738130025462187:0.9895515698926132
0,1,0,0,0,0,0,0,0.8214313182117874:0.9687640022971656
0,1,0,0,0,0,0,0,0.8690496332749961:0.9804229974142272
0,1,0,0,0,0,0,0,0.9166679483382046:0.9701958104343285
0,1,0,0,0,0,0,0,0.9642862640037736:0.9736744202218282
0,1,0,0,0,0,0,0,0.011920102487124476:0.9563223684683971
0,1,0,0,0,0,0,0,0.05953846935329513:0.9569241071195024
0,1,0,0,0,0,0,0,0.10715658955303654:0.9446540053147733
0,1,0,0,0,0,0,0,0.15477490479695324:0.957619072174459
0,1,0,0,0,0,0,0,0.20239321998063395:0.9759072359386441
0,1,0,0,0,0,0,0,0.2500115352245507:1.0110209812631021
0,1,0,0,0,0,0,0,0.2976298504684674:0.9908007629057258
0,1,0,0,0,0,0,0,0.34524816571238415:1.0028988449142495
0,1,0,0,0,0,0,0,0.3928664809563009:0.9880503258244251
0,1,0,0,0,0,0,0,0.4404847962002176:0.9860729580697986
0,1,0,0,0,0,0,0,0.48810311144413426:0.973083006567394
0,1,0,0,0,0,0,0,0.5357214266278151:0.9939929882649703
0,1,0,0,0,0,0,0,0.5833397418717318:0.9923514972001899
0,1,0,0,0,0,0,0,0.6309580573565925:0.9901940109658371
0,1,0,0,0,0,0,0,0.6785763724198012:0.9751424064609755
0,1,0,0,0,0,0,0,0.7261946874830099:0.9863954509558638
0,1,0,0,0,0,0,0,0.7738130025462187:0.9826017358396781
0,1,0,0,0,0,0,0,0.8214313182117874:0.9762722075899991
0,1,0,0,0,0,0,0,0.8690496332749961:0.9795766616855289
0,1,0,0,0,0,0,0,0.9166679483382046:0.9728608722655273
0,1,0,0,0,0,0,0,0.9642862640037736:0.9757139470092737
0,0,0,0,0,0,0,1,0.011920102487124476:0.9766761237161199
0,0,0,0,0,0,0,1,0.05953846935329513:0.9743231096017569
0,0,0,0,0,0,0,1,0.10715658955303654:0.9699212844008451
0,0,0,0,0,0,0,1,0.15477490479695324:0.9648494412732959
0,0,0,0,0,0,0,1,0.20239321998063395:0.9832196868301515
0,0,0,0,0,0,0,1,0.2500115352245507:0.9772243377007681
0,0,0,0,0,0,0,1,0.2976298504684674:0.9664933910386423
0,0,0,0,0,0,0,1,0.34524816571238415:0.9881936427204052
0,0,0,0,0,0,0,1,0.3928664809563009:0.9829905810006402
0,0,0,0,0,0,0,1,0.4404847962002176:0.9801817662097578
0,0,0,0,0,0,0,1,0.48810311144413426:0.9840939517339676
0,0,0,0,0,0,0,1,0.5357214266278151:0.9780831677851278
0,0,0,0,0,0,0,1,0.5833397418717318:0.9765605507368467
0,0,0,0,0,0,0,1,0.6309580573565925:0.9780324698895014
0,0,0,0,0,0,0,1,0.6785763724198012:0.9728451455292311
0,0,0,0,0,0,0,1,0.7261946874830099:0.9689509130613232
0,0,0,0,0,0,0,1,0.7738130025462187:0.9711599575548773
0,0,0,0,0,0,0,1,0.8214313182117874:0.982934828217049
0,0,0,0,0,0,0,1,0.8690496332749961:0.9890790609022653
0,0,0,0,0,0,0,1,0.9166679483382046:0.9773148723826413
0,0,0,0,0,0,0,1,0.9642862640037736:0.9797496156971957
0,0,1,0,0,0,0,0,0.011920102487124476:0.9460407063712849
0,0,1,0,0,0,0,0,0.05953846935329513:0.950804806253476
0,0,1,0,0,0,0,0,0.10715658955303654:0.9560492888360133
0,0,1,0,0,0,0,0,0.15477490479695324:0.999738613396345
0,0,1,0,0,0,0,0,0.20239321998063395:1.0450004440397276
0,0,1,0,0,0,0,0,0.2500115352245507:1.057249528179824
0,0,1,0,0,0,0,0,0.2976298504684674:1.02846350963639
0,0,1,0,0,0,0,0,0.34524816571238415:1.014704969471691
0,0,1,0,0,0,0,0,0.3928664809563009:1.006447898367995
0,0,1,0,0,0,0,0,0.4404847962002176:1.0093742223827444
0,0,1,0,0,0,0,0,0.48810311144413426:1.007223109594017
0,0,1,0,0,0,0,0,0.5357214266278151:1.0039781590841157
0,0,1,0,0,0,0,0,0.5833397418717318:0.9963216283085823
0,0,1,0,0,0,0,0,0.6309580573565925:0.9879129073394013
0,0,1,0,0,0,0,0,0.6785763724198012:0.9811469430979289
0,0,1,0,0,0,0,0,0.7261946874830099:0.992092990536161
0,0,1,0,0,0,0,0,0.7738130025462187:0.9904620606150283
0,0,1,0,0,0,0,0,0.8214313182117874:0.9834646948444797
0,0,1,0,0,0,0,0,0.8690496332749961:0.9846559376564153
0,0,1,0,0,0,0,0,0.9166679483382046:0.9768316152104516
0,0,1,0,0,0,0,0,0.9642862640037736:0.972740132178264
0,0,1,0,0,0,0,0,0.011920102487124476:0.9514286367157756
0,0,1,0,0,0,0,0,0.05953846935329513:0.9495119980647517
0,0,1,0,0,0,0,0,0.10715658955303654:0.9632854412921567
0,0,1,0,0,0,0,0,0.15477490479695324:0.9975087624696684
0,0,1,0,0,0,0,0,0.20239321998063395:1.0466392560489652
0,0,1,0,0,0,0,0,0.2500115352245507:1.0529810252349472
0,0,1,0,0,0,0,0,0.2976298504684674:1.036775325109253
0,0,1,0,0,0,0,0,0.34524816571238415:1.017069886174892
0,0,1,0,0,0,0,0,0.3928664809563009:1.011168760199121
0,0,1,0,0,0,0,0,0.4404847962002176:1.000969902386058
0,0,1,0,0,0,0,0,0.48810311144413426:1.0051020809675058
0,0,1,0,0,0,0,0,0.5357214266278151:1.0122600810721074
0,0,1,0,0,0,0,0,0.5833397418717318:0.9972823582845816
0,0,1,0,0,0,0,0,0.6309580573565925:0.990780436221917
0,0,1,0,0,0,0,0,0.6785763724198012:0.9838602911964193
0,0,1,0,0,0,0,0,0.7261946874830099:0.9943141227412111
0,0,1,0,0,0,0,0,0.7738130025462187:0.993483148178185
0,0,1,0,0,0,0,0,0.8214313182117874:0.9845534897652229
0,0,1,0,0,0,0,0,0.8690496332749961:0.9873864748984984
0,0,1,0,0,0,0,0,0.9166679483382046:0.9756965559343675
0,0,1,0,0,0,0,0,0.9642862640037736:0.9716478940327961
0,0,1,0,0,0,0,0,0.011920102487124476:0.9503418814683988
0,0,1,0,0,0,0,0,0.05953846935329513:0.9522862581237275
0,0,1,0,0,0,0,0,0.10715658955303654:0.957482292979389
0,0,1,0,0,0,0,0,0.15477490479695324:0.9998799652478697
0,0,1,0,0,0,0,0,0.20239321998063395:1.0410341172267172
0,0,1,0,0,0,0,0,0.2500115352245507:1.0559343121078488
0,0,1,0,0,0,0,0,0.2976298504684674:1.0358691081033269
0,0,1,0,0,0,0,0,0.34524816571238415:1.0182321325392394
0,0,1,0,0,0,0,0,0.3928664809563009:1.0039891263928604
0,0,1,0,0,0,0,0,0.4404847962002176:0.9997302402977771
0,0,1,0,0,0,0,0,0.48810311144413426:0.9982704998388234
0,0,1,0,0,0,0,0,0.5357214266278151:1.002014941894243
0,0,1,0,0,0,0,0,0.5833397418717318:0.9901162186997797
0,0,1,0,0,0,0,0,0.6309580573565925:0.9942813235077919
0,0,1,0,0,0,0,0,0.6785763724198012:0.986402588943962
0,0,1,0,0,0,0,0,0.7261946874830099:0.9872162500889887
0,0,1,0,0,0,0,0,0.7738130025462187:0.9894777888481374
0,0,1,0,0,0,0,0,0.8214313182117874:0.9891080842676391
0,0,1,0,0,0,0,0,0.8690496332749961:0.9823309146290308
0,0,1,0,0,0,0,0,0.9166679483382046:0.9781699400071108
0,0,1,0,0,0,0,0,0.9642862640037736:0.9713803449278011
0,0,1,0,0,0,0,0,0.011920102487124476:0.9510047535741718
0,0,1,0,0,0,0,0,0.05953846935329513:0.9541739485581855
0,0,1,0,0,0,0,0,0.10715658955303654:0.9598957289793546
0,0,1,0,0,0,0,0,0.15477490479695324:0.9932678152693165
0,0,1,0,0,0,0,0,0.20239321998063395:1.0462706908696677
0,0,1,0,0,0,0,0,0.2500115352245507:1.0574710391473447
0,0,1,0,0,0,0,0,0.2976298504684674:1.037107582289478
0,0,1,0,0,0,0,0,0.34524816571238415:1.0131463714728017
0,0,1,0,0,0,0,0,0.3928664809563009:1.0062165934507947
0,0,1,0,0,0,0,0,0.4404847962002176:0.9969180598811378
0,0,1,0,0,0,0,0,0.48810311144413426:1.0004541210431876
0,0,1,0,0,0,0,0,0.5357214266278151:1.0084719918895708
0,0,1,0,0,0,0,0,0.5833397418717318:0.9937621391275705
0,0,1,0,0,0,0,0,0.6309580573565925:0.9840853874260166
0,0,1,0,0,0,0,0,0.6785763724198012:0.9768749174557563
0,0,1,0,0,0,0,0,0.7261946874830099:0.9825492406199752
0,0,1,0,0,0,0,0,0.7738130025462187:0.9887166573368634
0,0,1,0,0,0,0,0,0.8214313182117874:0.9878631301610561
0,0,1,0,0,0,0,0,0.8690496332749961:0.9922138468819673
0,0,1,0,0,0,0,0,0.9166679483382046:0.9800355107741856
0,0,1,0,0,0,0,0,0.9642862640037736:0.9769860534254795
0,0,0,1,0,0,0,0,0.011920102487124476:0.9436911801853131
0,0,0,1,0,0,0,0,0.05953846935329513:0.9584846581578726
0,0,0,1,0,0,0,0,0.10715658955303654:0.9530288687004987
0,0,0,1,0,0,0,0,0.15477490479695324:0.9583811379158999
0,0,0,1,0,0,0,0,0.20239321998063395:0.9894956319381801
0,0,0,1,0,0,0,0,0.2500115352245507:1.014233834986938
0,0,0,1,0,0,0,0,0.2976298504684674:0.9904919249922243
0,0,0,1,0,0,0,0,0.34524816571238415:0.9912965779306524
0,0,0,1,0,0,0,0,0.3928664809563009:0.9838188949436523
0,0,0,1,0,0,0,0,0.4404847962002176:0.9776313100967617
0,0,0,1,0,0,0,0,0.48810311144413426:0.9825847825652348
0,0,0,1,0,0,0,0,0.5357214266278151:1.0008759523115052
0,0,0,1,0,0,0,0,0.5833397418717318:0.9798897400098545
0,0,0,1,0,0,0,0,0.6309580573565925:0.9813004164592855
0,0,0,1,0,0,0,0,0.6785763724198012:0.970233572858126
0,0,0,1,0,0,0,0,0.7261946874830099:0.9843914271461723
0,0,0,1,0,0,0,0,0.7738130025462187:0.9865547596929486
0,0,0,1,0,0,0,0,0.8214313182117874:0.9821184692075292
0,0,0,1,0,0,0,0,0.8690496332749961:0.992105472901169
0,0,0,1,0,0,0,0,0.9166679483382046:0.9809528521661832
0,0,0,1,0,0,0,0,0.9642862640037736:0.9693079606191837
0,0,0,1,0,0,0,0,0.011920102487124476:0.9638370399348251
0,0,0,1,0,0,0,0,0.05953846935329513:0.9529734399485675
0,0,0,1,0,0,0,0,0.10715658955303654:0.9478034780793301
0,0,0,1,0,0,0,0,0.15477490479695324:0.9590653963611994
0,0,0,1,0,0,0,0,0.20239321998063395:0.9827969571120636
0,0,0,1,0,0,0,0,0.2500115352245507:1.0093454895297989
0,0,0,1,0,0,0,0,0.2976298504684674:0.9938930912758447
0,0,0,1,0,0,0,0,0.34524816571238415:0.9884333626238065
0,0,0,1,0,0,0,0,0.3928664809563009:0.9913954281864935
0,0,0,1,0,0,0,0,0.4404847962002176:0.9951929766990735
0,0,0,1,0,0,0,0,0.48810311144413426:0.9897966272229307
0,0,0,1,0,0,0,0,0.5357214266278151:0.9904276287440223
0,0,0,1,0,0,0,0,0.5833397418717318:0.9822632501219699
0,0,0,1,0,0,0,0,0.6309580573565925:0.9857095505196476
0,0,0,1,0,0,0,0,0.6785763724198012:0.9666047757042154
0,0,0,1,0,0,0,0,0.7261946874830099:0.9864452940731879
0,0,0,1,0,0,0,0,0.7738130025462187:0.9914125195653174
0,0,0,1,0,0,0,0,0.8214313182117874:0.9904540261239371
0,0,0,1,0,0,0,0,0.8690496332749961:0.988719420318537
0,0,0,1,0,0,0,0,0.9166679483382046:0.9898870776835538
0,0,0,1,0,0,0,0,0.9642862640037736:0.9696043765728872
0,0,0,1,0,0,0,0,0.011920102487124476:0.9494030144360388
0,0,0,1,0,0,0,0,0.05953846935329513:0.9484442382860224
0,0,0,1,0,0,0,0,0.10715658955303654:0.9474801829241776
0,0,0,1,0,0,0,0,0.15477490479695324:0.954881980279197
0,0,0,1,0,0,0,0,0.20239321998063395:0.9956618438076335
0,0,0,1,0,0,0,0,0.2500115352245507:1.0069789908373732
0,0,0,1,0,0,0,0,0.2976298504684674:0.9924220843797934
0,0,0,1,0,0,0,0,0.34524816571238415:0.9815673471658058
0,0,0,1,0,0,0,0,0.3928664809563009:0.993580826107629
0,0,0,1,0,0,0,0,0.4404847962002176:0.9904286277217803
0,0,0,1,0,0,0,0,0.48810311144413426:0.9771652605824147
0,0,0,1,0,0,0,0,0.5357214266278151:0.9915517290070197
0,0,0,1,0,0,0,0,0.5833397418717318:0.984031137228343
0,0,0,1,0,0,0,0,0.6309580573565925:0.9796735807805224
0,0,0,1,0,0,0,0,0.6785763724198012:0.9789401971817171
0,0,0,1,0,0,0,0,0.7261946874830099:0.9869051685066407
0,0,0,1,0,0,0,0,0.7738130025462187:0.9945508913795325
0,0,0,1,0,0,0,0,0.8214313182117874:0.9887101714640355
0,0,0,1,0,0,0,0,0.8690496332749961:0.985875232633523
0,0,0,1,0,0,0,0,0.9166679483382046:0.9762813763819244
0,0,0,1,0,0,0,0,0.9642862640037736:0.976793700688928
0,0,0,1,0,0,0,0,0.011920102487124476:0.9918152531842803
0,0,0,1,0,0,0,0,0.05953846935329513:0.9973361027643396
0,0,0,1,0,0,0,0,0.10715658955303654:0.9934560501623845
0,0,0,1,0,0,0,0,0.15477490479695324:1.0636928247889204
0,0,0,1,0,0,0,0,0.20239321998063395:0.9618004716041115
0,0,0,1,0,0,0,0,0.2500115352245507:0.9806164977889305
0,0,0,1,0,0,0,0,0.2976298504684674:0.9389536010306757
0,0,0,1,0,0,0,0,0.34524816571238415:0.9148337649790598
0,0,0,1,0,0,0,0,0.3928664809563009:0.9542278797700022
0,0,0,1,0,0,0,0,0.4404847962002176:0.8935724553930455
0,0,0,1,0,0,0,0,0.48810311144413426:0.9005324990084079
0,0,0,1,0,0,0,0,0.5357214266278151:1.0407226647316412
0,0,0,1,0,0,0,0,0.5833397418717318:0.8939652931424272
0,0,0,1,0,0,0,0,0.6309580573565925:1.0106433210699526
0,0,0,1,0,0,0,0,0.6785763724198012:0.9290447662459027
0,0,0,1,0,0,0,0,0.7261946874830099:1.015380905151871
0,0,0,1,0,0,0,0,0.7738130025462187:0.8954203069365638
0,0,0,1,0,0,0,0,0.8214313182117874:1.0330604181922383
0,0,0,1,0,0,0,0,0.8690496332749961:0.9516804035119107
0,0,0,1,0,0,0,0,0.9166679483382046:0.9410689031154775
0,0,0,1,0,0,0,0,0.9642862640037736:0.982285555941781
0,0,0,0,0,0,0,1,0.011920102487124476:0.9647926705222664
0,0,0,0,0,0,0,1,0.05953846935329513:0.969584263831608
0,0,0,0,0,0,0,1,0.10715658955303654:0.9714109636095452
0,0,0,0,0,0,0,1,0.15477490479695324:0.965350446832154
0,0,0,0,0,0,0,1,0.20239321998063395:0.9787271579704605
0,0,0,0,0,0,0,1,0.2500115352245507:0.9924763307498424
0,0,0,0,0,0,0,1,0.2976298504684674:0.969967666100329
0,0,0,0,0,0,0,1,0.34524816571238415:0.9749071510389368
0,0,0,0,0,0,0,1,0.3928664809563009:0.9599407217144532
0,0,0,0,0,0,0,1,0.4404847962002176:0.9677117101592875
0,0,0,0,0,0,0,1,0.48810311144413426:0.9755077545896499
0,0,0,0,0,0,0,1,0.5357214266278151:0.9732817278223302
0,0,0,0,0,0,0,1,0.5833397418717318:0.9828825737725352
0,0,0,0,0,0,0,1,0.6309580573565925:0.9743192578088427
0,0,0,0,0,0,0,1,0.6785763724198012:0.9711121392434389
0,0,0,0,0,0,0,1,0.7261946874830099:0.9750189796406521
0,0,0,0,0,0,0,1,0.7738130025462187:0.9750742924504083
0,0,0,0,0,0,0,1,0.8214313182117874:0.9859765063862013
0,0,0,0,0,0,0,1,0.8690496332749961:0.9821756575168782
0,0,0,0,0,0,0,1,0.9166679483382046:0.9803115439275044
0,0,0,0,0,0,0,1,0.9642862640037736:0.9693924845549191
0,0,0,0,1,0,0,0,0.011920102487124476:0.9359066099506311
0,0,0,0,1,0,0,0,0.05953846935329513:0.9548006301462577
0,0,0,0,1,0,0,0,0.10715658955303654:0.9673112540474541
0,0,0,0,1,0,0,0,0.15477490479695324:0.9638379777883763
0,0,0,0,1,0,0,0,0.20239321998063395:0.99251764852906
0,0,0,0,1,0,0,0,0.2500115352245507:1.003997291725964
0,0,0,0,1,0,0,0,0.2976298504684674:1.0043687985191532
0,0,0,0,1,0,0,0,0.34524816571238415:0.9996032398017204
0,0,0,0,1,0,0,0,0.3928664809563009:0.9885860529104856
0,0,0,0,1,0,0,0,0.4404847962002176:0.9929428683456198
0,0,0,0,1,0,0,0,0.48810311144413426:0.9902267452310762
0,0,0,0,1,0,0,0,0.5357214266278151:0.9968958908745451
0,0,0,0,1,0,0,0,0.5833397418717318:0.9863213780230783
0,0,0,0,1,0,0,0,0.6309580573565925:0.9806510668447471
0,0,0,0,1,0,0,0,0.6785763724198012:0.9771929247822757
0,0,0,0,1,0,0,0,0.7261946874830099:0.9869200859416675
0,0,0,0,1,0,0,0,0.7738130025462187:0.9886037240789319
0,0,0,0,1,0,0,0,0.8214313182117874:0.9841429140413502
0,0,0,0,1,0,0,0,0.8690496332749961:0.9909941694603346
0,0,0,0,1,0,0,0,0.9166679483382046:0.9796406521900265
0,0,0,0,1,0,0,0,0.9642862640037736:0.9661253058558602
0,0,0,0,1,0,0,0,0.011920102487124476:0.9430796481706466
0,0,0,0,1,0,0,0,0.05953846935329513:0.9450329622384886
0,0,0,0,1,0,0,0,0.10715658955303654:0.9547892145035558
0,0,0,0,1,0,0,0,0.15477490479695324:0.9663856533828139
0,0,0,0,1,0,0,0,0.20239321998063395:0.9908240847173696
0,0,0,0,1,0,0,0,0.2500115352245507:0.9995632703849329
0,0,0,0,1,0,0,0,0.2976298504684674:1.00249384203358
0,0,0,0,1,0,0,0,0.34524816571238415:1.0004917743809651
0,0,0,0,1,0,0,0,0.3928664809563009:0.9916125551857773
0,0,0,0,1,0,0,0,0.4404847962002176:0.9913175741837706
0,0,0,0,1,0,0,0,0.48810311144413426:0.9875476254760436
0,0,0,0,1,0,0,0,0.5357214266278151:0.9906904137931947
0,0,0,0,1,0,0,0,0.5833397418717318:0.9815681524342901
0,0,0,0,1,0,0,0,0.6309580573565925:0.9906578517602733
0,0,0,0,1,0,0,0,0.6785763724198012:0.9749617075026324
0,0,0,0,1,0,0,0,0.7261946874830099:0.9898684576114322
0,0,0,0,1,0,0,0,0.7738130025462187:0.985762355724973
0,0,0,0,1,0,0,0,0.8214313182117874:0.9773443625544233
0,0,0,0,1,0,0,0,0.8690496332749961:0.9839023979142382
0,0,0,0,1,0,0,0,0.9166679483382046:0.9793679166925798
0,0,0,0,1,0,0,0,0.9642862640037736:0.9744897721975763
0,0,0,0,1,0,0,0,0.011920102487124476:0.9462194161270001
0,0,0,0,1,0,0,0,0.05953846935329513:0.9523097435297444
0,0,0,0,1,0,0,0,0.10715658955303654:0.9486539307324734
0,0,0,0,1,0,0,0,0.15477490479695324:0.9575084736521032
0,0,0,0,1,0,0,0,0.20239321998063395:0.988665917482742
0,0,0,0,1,0,0,0,0.2500115352245507:0.9992350864864841
0,0,0,0,1,0,0,0,0.2976298504684674:0.9980968797157495
0,0,0,0,1,0,0,0,0.34524816571238415:0.9918546664357265
0,0,0,0,1,0,0,0,0.3928664809563009:0.9972413779255349
0,0,0,0,1,0,0,0,0.4404847962002176:0.9919166636511448
0,0,0,0,1,0,0,0,0.48810311144413426:0.9970642824633874
0,0,0,0,1,0,0,0,0.5357214266278151:0.9874817518733856
0,0,0,0,1,0,0,0,0.5833397418717318:0.9935818320797085
0,0,0,0,1,0,0,0,0.6309580573565925:0.9897540166458592
0,0,0,0,1,0,0,0,0.6785763724198012:0.9773861305969697
0,0,0,0,1,0,0,0,0.7261946874830099:0.9855814220917505
0,0,0,0,1,0,0,0,0.7738130025462187:0.983525278681534
0,0,0,0,1,0,0,0,0.8214313182117874:0.9815079090378149
0,0,0,0,1,0,0,0,0.8690496332749961:0.9855364488333526
0,0,0,0,1,0,0,0,0.9166679483382046:0.9763268802851812
0,0,0,0,1,0,0,0,0.9642862640037736:0.972238178547022
0,0,0,0,1,0,0,0,0.011920102487124476:0.9422188375505848
0,0,0,0,1,0,0,0,0.05953846935329513:0.9511785651042289
0,0,0,0,1,0,0,0,0.10715658955303654:0.9485055727147128
0,0,0,0,1,0,0,0,0.15477490479695324:0.9623590865064542
0,0,0,0,1,0,0,0,0.20239321998063395:0.9980652408989951
0,0,0,0,1,0,0,0,0.2500115352245507:1.0046803015137389
0,0,0,0,1,0,0,0,0.2976298504684674:1.002506022223949
0,0,0,0,1,0,0,0,0.34524816571238415:1.0003871626713239
0,0,0,0,1,0,0,0,0.3928664809563009:0.9874724392049588
0,0,0,0,1,0,0,0,0.4404847962002176:0.9895539001881147
0,0,0,0,1,0,0,0,0.48810311144413426:0.9932730862751679
0,0,0,0,1,0,0,0,0.5357214266278151:0.9833292796705595
0,0,0,0,1,0,0,0,0.5833397418717318:0.99261739926869
0,0,0,0,1,0,0,0,0.6309580573565925:0.9832607836827145
0,0,0,0,1,0,0,0,0.6785763724198012:0.9764692317166594
0,0,0,0,1,0,0,0,0.7261946874830099:0.9874359485217639
0,0,0,0,1,0,0,0,0.7738130025462187:0.9908174311664482
0,0,0,0,1,0,0,0,0.8214313182117874:0.9844609483636669
0,0,0,0,1,0,0,0,0.8690496332749961:0.9849808375832845
0,0,0,0,1,0,0,0,0.9166679483382046:0.9763122867988507
0,0,0,0,1,0,0,0,0.9642862640037736:0.9693338730926886
0,0,0,0,0,1,0,0,0.011920102487124476:0.9611827278195779
0,0,0,0,0,1,0,0,0.05953846935329513:0.9563901667034056
0,0,0,0,0,1,0,0,0.10715658955303654:0.9488983183666818
0,0,0,0,0,1,0,0,0.15477490479695324:0.9517702702394084
0,0,0,0,0,1,0,0,0.20239321998063395:0.9725639712904528
0,0,0,0,0,1,0,0,0.2500115352245507:0.9878966554605855
0,0,0,0,0,1,0,0,0.2976298504684674:0.9863709419693156
0,0,0,0,0,1,0,0,0.34524816571238415:0.9943701419488079
0,0,0,0,0,1,0,0,0.3928664809563009:0.9808010839865399
0,0,0,0,0,1,0,0,0.4404847962002176:0.987987411546683
0,0,0,0,0,1,0,0,0.48810311144413426:0.9793519813813198
0,0,0,0,0,1,0,0,0.5357214266278151:0.9904505177543392
0,0,0,0,0,1,0,0,0.5833397418717318:0.9883773586434826
0,0,0,0,0,1,0,0,0.6309580573565925:0.9801669509919091
0,0,0,0,0,1,0,0,0.6785763724198012:0.9722139646321221
0,0,0,0,0,1,0,0,0.7261946874830099:0.9890799572351999
0,0,0,0,0,1,0,0,0.7738130025462187:0.9889729168373219
0,0,0,0,0,1,0,0,0.8214313182117874:0.9915594190291555
0,0,0,0,0,1,0,0,0.8690496332749961:0.9936696408308785
0,0,0,0,0,1,0,0,0.9166679483382046:0.9801810709600882
0,0,0,0,0,1,0,0,0.9642862640037736:0.9758515451069406
0,0,0,0,0,1,0,0,0.011920102487124476:0.9589751976179585
0,0,0,0,0,1,0,0,0.05953846935329513:0.9606601638404625
0,0,0,0,0,1,0,0,0.10715658955303654:0.9569982468849488
0,0,0,0,0,1,0,0,0.15477490479695324:0.9512742265071521
0,0,0,0,0,1,0,0,0.20239321998063395:0.9776148109118938
0,0,0,0,0,1,0,0,0.2500115352245507:0.9827866433129182
0,0,0,0,0,1,0,0,0.2976298504684674:0.9807186497618187
0,0,0,0,0,1,0,0,0.34524816571238415:0.9943878764744883
0,0,0,0,0,1,0,0,0.3928664809563009:0.984914486749298
0,0,0,0,0,1,0,0,0.4404847962002176:0.9879710855182553
0,0,0,0,0,1,0,0,0.48810311144413426:0.9798750747045555
0,0,0,0,0,1,0,0,0.5357214266278151:0.9922697309604129
0,0,0,0,0,1,0,0,0.5833397418717318:0.9850361878039762
0,0,0,0,0,1,0,0,0.6309580573565925:0.9770515213177937
0,0,0,0,0,1,0,0,0.6785763724198012:0.9779191177350559
0,0,0,0,0,1,0,0,0.7261946874830099:0.9779486038324599
0,0,0,0,0,1,0,0,0.7738130025462187:0.9927233932886723
0,0,0,0,0,1,0,0,0.8214313182117874:0.9917549856761283
0,0,0,0,0,1,0,0,0.8690496332749961:0.9914481805863349
0,0,0,0,0,1,0,0,0.9166679483382046:0.983610370039099
0,0,0,0,0,1,0,0,0.9642862640037736:0.9732577067536716
0,0,0,0,0,1,0,0,0.011920102487124476:0.9505176980944641
0,0,0,0,0,1,0,0,0.05953846935329513:0.9649764414630251
0,0,0,0,0,1,0,0,0.10715658955303654:0.9599335962488601
0,0,0,0,0,1,0,0,0.15477490479695324:0.9567617363654599
0,0,0,0,0,1,0,0,0.20239321998063395:0.9845807718001313
0,0,0,0,0,1,0,0,0.2500115352245507:0.9916505518527577
0,0,0,0,0,1,0,0,0.2976298504684674:0.9851169441472405
0,0,0,0,0,1,0,0,0.34524816571238415:0.9952065277628362
0,0,0,0,0,1,0,0,0.3928664809563009:0.992532239980405
0,0,0,0,0,1,0,0,0.4404847962002176:0.9870902026944574
0,0,0,0,0,1,0,0,0.48810311144413426:0.9846120209364828
0,0,0,0,0,1,0,0,0.5357214266278151:0.9849084697600122
0,0,0,0,0,1,0,0,0.5833397418717318:0.9947748234979816
0,0,0,0,0,1,0,0,0.6309580573565925:0.9851082850268407
0,0,0,0,0,1,0,0,0.6785763724198012:0.9822933638684742
0,0,0,0,0,1,0,0,0.7261946874830099:0.9780331285730011
0,0,0,0,0,1,0,0,0.7738130025462187:0.9953432487252238
0,0,0,0,0,1,0,0,0.8214313182117874:0.9865477315925507
0,0,0,0,0,1,0,0,0.8690496332749961:0.9872048975345095
0,0,0,0,0,1,0,0,0.9166679483382046:0.9797630036634268
0,0,0,0,0,1,0,0,0.9642862640037736:0.9734243282503935
0,0,0,0,0,1,0,0,0.011920102487124476:0.9592649882873742
0,0,0,0,0,1,0,0,0.05953846935329513:0.9608019571790133
0,0,0,0,0,1,0,0,0.10715658955303654:0.9609993734704195
0,0,0,0,0,1,0,0,0.15477490479695324:0.9515719487242584
0,0,0,0,0,1,0,0,0.20239321998063395:0.973734382040282
0,0,0,0,0,1,0,0,0.2500115352245507:0.9880313577562935
0,0,0,0,0,1,0,0,0.2976298504684674:0.9865217598734611
0,0,0,0,0,1,0,0,0.34524816571238415:0.9907432518957384
0,0,0,0,0,1,0,0,0.3928664809563009:0.9901793372399877
0,0,0,0,0,1,0,0,0.4404847962002176:0.981111319371218
0,0,0,0,0,1,0,0,0.48810311144413426:0.9796919182573598
0,0,0,0,0,1,0,0,0.5357214266278151:0.9864038250558328
0,0,0,0,0,1,0,0,0.5833397418717318:0.9825196841087918
0,0,0,0,0,1,0,0,0.6309580573565925:0.9862421864942458
0,0,0,0,0,1,0,0,0.6785763724198012:0.9804838893862091
0,0,0,0,0,1,0,0,0.7261946874830099:0.9848338902915196
0,0,0,0,0,1,0,0,0.7738130025462187:0.9884123524458693
0,0,0,0,0,1,0,0,0.8214313182117874:0.9931856772541047
0,0,0,0,0,1,0,0,0.8690496332749961:0.991774639384309
0,0,0,0,0,1,0,0,0.9166679483382046:0.9810577418571214
0,0,0,0,0,1,0,0,0.9642862640037736:0.9765783526246846
0,0,0,0,0,0,0,1,0.011920102487124476:0.9740449259411508
0,0,0,0,0,0,0,1,0.05953846935329513:0.9686971184246184
0,0,0,0,0,0,0,1,0.10715658955303654:0.9770124697080523
0,0,0,0,0,0,0,1,0.15477490479695324:0.9801878597575197
0,0,0,0,0,0,0,1,0.20239321998063395:0.9833451808601847
0,0,0,0,0,0,0,1,0.2500115352245507:0.9758134133695385
0,0,0,0,0,0,0,1,0.2976298504684674:0.9762724500348925
0,0,0,0,0,0,0,1,0.34524816571238415:0.9738959621393923
0,0,0,0,0,0,0,1,0.3928664809563009:0.979679594331579
0,0,0,0,0,0,0,1,0.4404847962002176:0.9685115352401886
0,0,0,0,0,0,0,1,0.48810311144413426:0.9760739477819008
0,0,0,0,0,0,0,1,0.5357214266278151:0.9822638731612042
0,0,0,0,0,0,0,1,0.5833397418717318:0.9748091030086465
0,0,0,0,0,0,0,1,0.6309580573565925:0.9701206785513179
0,0,0,0,0,0,0,1,0.6785763724198012:0.9740789209465487
0,0,0,0,0,0,0,1,0.7261946874830099:0.9768023181100273
0,0,0,0,0,0,0,1,0.7738130025462187:0.9725624960084356
0,0,0,0,0,0,0,1,0.8214313182117874:0.9850167472968063
0,0,0,0,0,0,0,1,0.8690496332749961:0.9949736117996523
0,0,0,0,0,0,0,1,0.9166679483382046:0.9775917823599353
0,0,0,0,0,0,0,1,0.9642862640037736:0.9730352349966516
1,0,1,0,0,0,0,0,0.011920102487124476:0.943449327763949
1,0,1,0,0,0,0,0,0.05953846935329513:0.9599284222949461
1,0,1,0,0,0,0,0,0.10715658955303654:0.9762245725160561
1,0,1,0,0,0,0,0,0.15477490479695324:1.0188056743425151
1,0,1,0,0,0,0,0,0.20239321998063395:1.054038877376402
1,0,1,0,0,0,0,0,0.2500115352245507:1.0504970729493337
1,0,1,0,0,0,0,0,0.2976298504684674:1.0219897853532685
1,0,1,0,0,0,0,0,0.34524816571238415:1.0060346426292057
1,0,1,0,0,0,0,0,0.3928664809563009:1.0026020596972418
1,0,1,0,0,0,0,0,0.4404847962002176:0.9903061651584465
1,0,1,0,0,0,0,0,0.48810311144413426:0.9860900434229466
1,0,1,0,0,0,0,0,0.5357214266278151:0.9931995144040494
1,0,1,0,0,0,0,0,0.5833397418717318:0.981391770534954
1,0,1,0,0,0,0,0,0.6309580573565925:0.9843406438657639
1,0,1,0,0,0,0,0,0.6785763724198012:0.9810264373466505
1,0,1,0,0,0,0,0,0.7261946874830099:0.9848211497338334
1,0,1,0,0,0,0,0,0.7738130025462187:0.9815724495612249
1,0,1,0,0,0,0,0,0.8214313182117874:0.9813859912069567
1,0,1,0,0,0,0,0,0.8690496332749961:0.9866129226767848
1,0,1,0,0,0,0,0,0.9166679483382046:0.9754421488482802
1,0,1,0,0,0,0,0,0.9642862640037736:0.9749720681098273
1,0,1,0,0,0,0,0,0.011920102487124476:0.9401193131451774
1,0,1,0,0,0,0,0,0.05953846935329513:0.9631083569410526
1,0,1,0,0,0,0,0,0.10715658955303654:0.9752015789944269
1,0,1,0,0,0,0,0,0.15477490479695324:1.0162694676845734
1,0,1,0,0,0,0,0,0.20239321998063395:1.049038285249721
1,0,1,0,0,0,0,0,0.2500115352245507:1.0499250785355152
1,0,1,0,0,0,0,0,0.2976298504684674:1.0227583031489802
1,0,1,0,0,0,0,0,0.34524816571238415:1.006344226212935
1,0,1,0,0,0,0,0,0.3928664809563009:1.0033982791187985
1,0,1,0,0,0,0,0,0.4404847962002176:0.9891648716056783
1,0,1,0,0,0,0,0,0.48810311144413426:0.9886688759341293
1,0,1,0,0,0,0,0,0.5357214266278151:0.9879591082059933
1,0,1,0,0,0,0,0,0.5833397418717318:0.9785614476956156
1,0,1,0,0,0,0,0,0.6309580573565925:0.9793905904948467
1,0,1,0,0,0,0,0,0.6785763724198012:0.9742265077209368
1,0,1,0,0,0,0,0,0.7261946874830099:0.9832268872817915
1,0,1,0,0,0,0,0,0.7738130025462187:0.9821360638328199
1,0,1,0,0,0,0,0,0.8214313182117874:0.9830430311741889
1,0,1,0,0,0,0,0,0.8690496332749961:0.9818885797934266
1,0,1,0,0,0,0,0,0.9166679483382046:0.9786222097482961
1,0,1,0,0,0,0,0,0.9642862640037736:0.9706011652900082
1,0,1,0,0,0,0,0,0.011920102487124476:0.944764900484238
1,0,1,0,0,0,0,0,0.05953846935329513:0.9610439143837796
1,0,1,0,0,0,0,0,0.10715658955303654:0.9767296219909506
1,0,1,0,0,0,0,0,0.15477490479695324:1.0158935768650728
1,0,1,0,0,0,0,0,0.20239321998063395:1.0483461070929663
1,0,1,0,0,0,0,0,0.2500115352245507:1.0524653445410415
1,0,1,0,0,0,0,0,0.2976298504684674:1.0237116713488223
1,0,1,0,0,0,0,0,0.34524816571238415:1.0066003190386457
1,0,1,0,0,0,0,0,0.3928664809563009:1.0020105591109432
1,0,1,0,0,0,0,0,0.4404847962002176:0.9930223043005709
1,0,1,0,0,0,0,0,0.48810311144413426:0.9880501298658145
1,0,1,0,0,0,0,0,0.5357214266278151:0.9890777493660498
1,0,1,0,0,0,0,0,0.5833397418717318:0.9870003101232944
1,0,1,0,0,0,0,0,0.6309580573565925:0.982558697285763
1,0,1,0,0,0,0,0,0.6785763724198012:0.9826950624950497
1,0,1,0,0,0,0,0,0.7261946874830099:0.9799356965875833
1,0,1,0,0,0,0,0,0.7738130025462187:0.9837276927643044
1,0,1,0,0,0,0,0,0.8214313182117874:0.9797004568789538
1,0,1,0,0,0,0,0,0.8690496332749961:0.9829482430496618
1,0,1,0,0,0,0,0,0.9166679483382046:0.9773894043309898
1,0,1,0,0,0,0,0,0.9642862640037736:0.9726384824556251
1,0,1,0,0,0,0,0,0.011920102487124476:0.9473987563553553
1,0,1,0,0,0,0,0,0.05953846935329513:0.9596140865894555
1,0,1,0,0,0,0,0,0.10715658955303654:0.9777773993462286
1,0,1,0,0,0,0,0,0.15477490479695324:1.0099593339137527
1,0,1,0,0,0,0,0,0.20239321998063395:1.0509613722325473
1,0,1,0,0,0,0,0,0.2500115352245507:1.0599832772880884
1,0,1,0,0,0,0,0,0.2976298504684674:1.0220372968894085
1,0,1,0,0,0,0,0,0.34524816571238415:1.0085130602856838
1,0,1,0,0,0,0,0,0.3928664809563009:1.0057566275687924
1,0,1,0,0,0,0,0,0.4404847962002176:0.9964400696188344
1,0,1,0,0,0,0,0,0.48810311144413426:0.9857358301492081
1,0,1,0,0,0,0,0,0.5357214266278151:0.9918155874336262
1,0,1,0,0,0,0,0,0.5833397418717318:0.9837612339878482
1,0,1,0,0,0,0,0,0.6309580573565925:0.9817502877275553
1,0,1,0,0,0,0,0,0.6785763724198012:0.9798011965581541
1,0,1,0,0,0,0,0,0.7261946874830099:0.984179213096363
1,0,1,0,0,0,0,0,0.7738130025462187:0.9829543726833769
1,0,1,0,0,0,0,0,0.8214313182117874:0.9837333837468059
1,0,1,0,0,0,0,0,0.8690496332749961:0.9830023695440225
1,0,1,0,0,0,0,0,0.9166679483382046:0.9768993190309576
1,0,1,0,0,0,0,0,0.9642862640037736:0.974879184601066
1,0,0,0,1,0,0,0,0.011920102487124476:0.9389512422806262
1,0,0,0,1,0,0,0,0.05953846935329513:0.9648509193899512
1,0,0,0,1,0,0,0,0.10715658955303654:0.9581368752470523
1,0,0,0,1,0,0,0,0.15477490479695324:0.9838921273778141
1,0,0,0,1,0,0,0,0.20239321998063395:1.0136166027885773
1,0,0,0,1,0,0,0,0.2500115352245507:1.0289113972239479
1,0,0,0,1,0,0,0,0.2976298504684674:1.0191647725352642
1,0,0,0,1,0,0,0,0.34524816571238415:1.01782310576119
1,0,0,0,1,0,0,0,0.3928664809563009:1.0158711112411836
1,0,0,0,1,0,0,0,0.4404847962002176:1.0058426804258551
1,0,0,0,1,0,0,0,0.48810311144413426:0.996582154764332
1,0,0,0,1,0,0,0,0.5357214266278151:0.9983135026571209
1,0,0,0,1,0,0,0,0.5833397418717318:0.9865977006377894
1,0,0,0,1,0,0,0,0.6309580573565925:0.9888415017437425
1,0,0,0,1,0,0,0,0.6785763724198012:0.9804107692940499
1,0,0,0,1,0,0,0,0.7261946874830099:0.9824399052466778
1,0,0,0,1,0,0,0,0.7738130025462187:0.9806911880507555
1,0,0,0,1,0,0,0,0.8214313182117874:0.9749758780045054
1,0,0,0,1,0,0,0,0.8690496332749961:0.9801047889027156
1,0,0,0,1,0,0,0,0.9166679483382046:0.9762292942277218
1,0,0,0,1,0,0,0,0.9642862640037736:0.9711245760935486
1,0,0,0,1,0,0,0,0.011920102487124476:0.9513340931134104
1,0,0,0,1,0,0,0,0.05953846935329513:0.9598058987334003
1,0,0,0,1,0,0,0,0.10715658955303654:0.9584874751385303
1,0,0,0,1,0,0,0,0.15477490479695324:0.9766676618775315
1,0,0,0,1,0,0,0,0.20239321998063395:1.00471669752308
1,0,0,0,1,0,0,0,0.2500115352245507:1.0199442023007401
1,0,0,0,1,0,0,0,0.2976298504684674:1.019557241447592
1,0,0,0,1,0,0,0,0.34524816571238415:1.0081435169741184
1,0,0,0,1,0,0,0,0.3928664809563009:1.012594245213596
1,0,0,0,1,0,0,0,0.4404847962002176:1.0003774494722044
1,0,0,0,1,0,0,0,0.48810311144413426:0.9952984254743923
1,0,0,0,1,0,0,0,0.5357214266278151:0.9913196229739515
1,0,0,0,1,0,0,0,0.5833397418717318:0.9919026044326621
1,0,0,0,1,0,0,0,0.6309580573565925:0.9875583670370837
1,0,0,0,1,0,0,0,0.6785763724198012:0.977458659750583
1,0,0,0,1,0,0,0,0.7261946874830099:0.986262678016377
1,0,0,0,1,0,0,0,0.7738130025462187:0.9882646153669289
1,0,0,0,1,0,0,0,0.8214313182117874:0.974960917935614
1,0,0,0,1,0,0,0,0.8690496332749961:0.9803986193558201
1,0,0,0,1,0,0,0,0.9166679483382046:0.9748579224826521
1,0,0,0,1,0,0,0,0.9642862640037736:0.9701421033316604
1,0,0,0,1,0,0,0,0.011920102487124476:0.9401885701926284
1,0,0,0,1,0,0,0,0.05953846935329513:0.9600798217464245
1,0,0,0,1,0,0,0,0.10715658955303654:0.9662505355132663
1,0,0,0,1,0,0,0,0.15477490479695324:0.9845051060487039
1,0,0,0,1,0,0,0,0.20239321998063395:1.017677007278607
1,0,0,0,1,0,0,0,0.2500115352245507:1.0199166833969082
1,0,0,0,1,0,0,0,0.2976298504684674:1.018817866759544
1,0,0,0,1,0,0,0,0.34524816571238415:1.012213192835554
1,0,0,0,1,0,0,0,0.3928664809563009:1.0094553599217553
1,0,0,0,1,0,0,0,0.4404847962002176:1.0023587365693962
1,0,0,0,1,0,0,0,0.48810311144413426:0.9979271696889079
1,0,0,0,1,0,0,0,0.5357214266278151:0.9938912080303218
1,0,0,0,1,0,0,0,0.5833397418717318:0.9889733678542343
1,0,0,0,1,0,0,0,0.6309580573565925:0.9844778767446002
1,0,0,0,1,0,0,0,0.6785763724198012:0.9852972186056633
1,0,0,0,1,0,0,0,0.7261946874830099:0.9791782980500419
1,0,0,0,1,0,0,0,0.7738130025462187:0.9789730378313866
1,0,0,0,1,0,0,0,0.8214313182117874:0.9793084737570561
1,0,0,0,1,0,0,0,0.8690496332749961:0.9753726035025145
1,0,0,0,1,0,0,0,0.9166679483382046:0.973834073209945
1,0,0,0,1,0,0,0,0.9642862640037736:0.976311121894716
1,0,0,0,1,0,0,0,0.011920102487124476:0.9415175191724997
1,0,0,0,1,0,0,0,0.05953846935329513:0.9549335826868612
1,0,0,0,1,0,0,0,0.10715658955303654:0.9610169622308418
1,0,0,0,1,0,0,0,0.15477490479695324:0.9855896898422707
1,0,0,0,1,0,0,0,0.20239321998063395:1.0092067302402559
1,0,0,0,1,0,0,0,0.2500115352245507:1.0167828931845084
1,0,0,0,1,0,0,0,0.2976298504684674:1.0109566479099414
1,0,0,0,1,0,0,0,0.34524816571238415:1.0125025823965053
1,0,0,0,1,0,0,0,0.3928664809563009:1.0103025010912547
1,0,0,0,1,0,0,0,0.4404847962002176:1.0016415170416249
1,0,0,0,1,0,0,0,0.48810311144413426:0.9946640272647378
1,0,0,0,1,0,0,0,0.5357214266278151:1.0030302273271914
1,0,0,0,1,0,0,0,0.5833397418717318:0.9909157276729402
1,0,0,0,1,0,0,0,0.6309580573565925:0.9884588281752715
1,0,0,0,1,0,0,0,0.6785763724198012:0.9766099986299432
1,0,0,0,1,0,0,0,0.7261946874830099:0.9843689853588234
1,0,0,0,1,0,0,0,0.7738130025462187:0.9812454867801427
1,0,0,0,1,0,0,0,0.8214313182117874:0.9790214300991591
1,0,0,0,1,0,0,0,0.8690496332749961:0.9830380306378806
1,0,0,0,1,0,0,0,0.9166679483382046:0.9718272522631741
1,0,0,0,1,0,0,0,0.9642862640037736:0.9746997566491734
0,0,0,0,0,0,0,1,0.011920102487124476:0.971784584579537
0,0,0,0,0,0,0,1,0.05953846935329513:0.9640472464534882
0,0,0,0,0,0,0,1,0.10715658955303654:0.9717354528438219
0,0,0,0,0,0,0,1,0.15477490479695324:0.9773698657710495
0,0,0,0,0,0,0,1,0.20239321998063395:0.9820344063740875
0,0,0,0,0,0,0,1,0.2500115352245507:0.979137903018394
0,0,0,0,0,0,0,1,0.2976298504684674:0.9780189195293775
0,0,0,0,0,0,0,1,0.34524816571238415:0.9817308270540646
0,0,0,0,0,0,0,1,0.3928664809563009:0.9789320258993981
0,0,0,0,0,0,0,1,0.4404847962002176:0.9664985387660525
0,0,0,0,0,0,0,1,0.48810311144413426:0.9728408094491217
0,0,0,0,0,0,0,1,0.5357214266278151:0.9842774121347903
0,0,0,0,0,0,0,1,0.5833397418717318:0.9753295179567624
0,0,0,0,0,0,0,1,0.6309580573565925:0.9657618244637571
0,0,0,0,0,0,0,1,0.6785763724198012:0.9736505143262844
0,0,0,0,0,0,0,1,0.7261946874830099:0.9766560547843229
0,0,0,0,0,0,0,1,0.7738130025462187:0.9806299115410599
0,0,0,0,0,0,0,1,0.8214313182117874:0.9902004922345937
0,0,0,0,0,0,0,1,0.8690496332749961:0.988872794347166
0,0,0,0,0,0,0,1,0.9166679483382046:0.9755596898750564
0,0,0,0,0,0,0,1,0.9642862640037736:0.9727209250856993
0,0,1,0,1,0,0,0,0.011920102487124476:0.9444434038535418
0,0,1,0,1,0,0,0,0.05953846935329513:0.95136080726205
0,0,1,0,1,0,0,0,0.10715658955303654:0.970880076930595
0,0,1,0,1,0,0,0,0.15477490479695324:0.9998908447978027
0,0,1,0,1,0,0,0,0.20239321998063395:1.0360956902548955
0,0,1,0,1,0,0,0,0.2500115352245507:1.0377781883981976
0,0,1,0,1,0,0,0,0.2976298504684674:1.0139039810883046
0,0,1,0,1,0,0,0,0.34524816571238415:0.9995721323630705
0,0,1,0,1,0,0,0,0.3928664809563009:0.9990074894211016
0,0,1,0,1,0,0,0,0.4404847962002176:0.9943502442983982
0,0,1,0,1,0,0,0,0.48810311144413426:0.9854075822662122
0,0,1,0,1,0,0,0,0.5357214266278151:0.9872151815994168
0,0,1,0,1,0,0,0,0.5833397418717318:0.9780152229582662
0,0,1,0,1,0,0,0,0.6309580573565925:0.9801144401308618
0,0,1,0,1,0,0,0,0.6785763724198012:0.974500033370701
0,0,1,0,1,0,0,0,0.7261946874830099:0.9835077592938282
0,0,1,0,1,0,0,0,0.7738130025462187:0.9836963895663593
0,0,1,0,1,0,0,0,0.8214313182117874:0.9805180798503769
0,0,1,0,1,0,0,0,0.8690496332749961:0.9862260123494282
0,0,1,0,1,0,0,0,0.9166679483382046:0.9770198925281521
0,0,1,0,1,0,0,0,0.9642862640037736:0.9716625303912738
0,0,1,0,1,0,0,0,0.011920102487124476:0.9469251200788694
0,0,1,0,1,0,0,0,0.05953846935329513:0.9602507201048534
0,0,1,0,1,0,0,0,0.10715658955303654:0.9653225573162021
0,0,1,0,1,0,0,0,0.15477490479695324:0.9957368320612335
0,0,1,0,1,0,0,0,0.20239321998063395:1.0304175201159713
0,0,1,0,1,0,0,0,0.2500115352245507:1.038344418429675
0,0,1,0,1,0,0,0,0.2976298504684674:1.023998895377195
0,0,1,0,1,0,0,0,0.34524816571238415:1.00621439275546
0,0,1,0,1,0,0,0,0.3928664809563009:0.9996804229437042
0,0,1,0,1,0,0,0,0.4404847962002176:0.9918293121708814
0,0,1,0,1,0,0,0,0.48810311144413426:0.9856025921428434
0,0,1,0,1,0,0,0,0.5357214266278151:0.986845961010985
0,0,1,0,1,0,0,0,0.5833397418717318:0.981669220926636
0,0,1,0,1,0,0,0,0.6309580573565925:0.9820146418377153
0,0,1,0,1,0,0,0,0.6785763724198012:0.9834756691655603
0,0,1,0,1,0,0,0,0.7261946874830099:0.9779371712129985
0,0,1,0,1,0,0,0,0.7738130025462187:0.9853698080635349
0,0,1,0,1,0,0,0,0.8214313182117874:0.9824093365813517
0,0,1,0,1,0,0,0,0.8690496332749961:0.9808698009877613
0,0,1,0,1,0,0,0,0.9166679483382046:0.975123286791391
0,0,1,0,1,0,0,0,0.9642862640037736:0.9719536670650012
0,0,1,0,1,0,0,0,0.011920102487124476:0.936577430317477
0,0,1,0,1,0,0,0,0.05953846935329513:0.9542434245778009
0,0,1,0,1,0,0,0,0.10715658955303654:0.976194449427857
0,0,1,0,1,0,0,0,0.15477490479695324:0.9954391146394843
0,0,1,0,1,0,0,0,0.20239321998063395:1.0289392248591984
0,0,1,0,1,0,0,0,0.2500115352245507:1.041584988596072
0,0,1,0,1,0,0,0,0.2976298504684674:1.0135789996404048
0,0,1,0,1,0,0,0,0.34524816571238415:0.9935153105834996
0,0,1,0,1,0,0,0,0.3928664809563009:0.9975267392028772
0,0,1,0,1,0,0,0,0.4404847962002176:0.9905503011123313
0,0,1,0,1,0,0,0,0.48810311144413426:0.9867570154215641
0,0,1,0,1,0,0,0,0.5357214266278151:0.9827027889661636
0,0,1,0,1,0,0,0,0.5833397418717318:0.97896518193961
0,0,1,0,1,0,0,0,0.6309580573565925:0.9840901002595225
0,0,1,0,1,0,0,0,0.6785763724198012:0.9759181426718431
0,0,1,0,1,0,0,0,0.7261946874830099:0.9824219370106317
0,0,1,0,1,0,0,0,0.7738130025462187:0.9831616215412549
0,0,1,0,1,0,0,0,0.8214313182117874:0.9801845109752219
0,0,1,0,1,0,0,0,0.8690496332749961:0.981739352287285
0,0,1,0,1,0,0,0,0.9166679483382046:0.9754517391227743
0,0,1,0,1,0,0,0,0.9642862640037736:0.9738051985954862
0,0,1,0,1,0,0,0,0.011920102487124476:0.9380592883068619
0,0,1,0,1,0,0,0,0.05953846935329513:0.9591240563167862
0,0,1,0,1,0,0,0,0.10715658955303654:0.9712062857230008
0,0,1,0,1,0,0,0,0.15477490479695324:1.0090936498699405
0,0,1,0,1,0,0,0,0.20239321998063395:1.033148500621504
0,0,1,0,1,0,0,0,0.2500115352245507:1.039661799598891
0,0,1,0,1,0,0,0,0.2976298504684674:1.0229807386993102
0,0,1,0,1,0,0,0,0.34524816571238415:0.9997037069936837
0,0,1,0,1,0,0,0,0.3928664809563009:1.0008973974437476
0,0,1,0,1,0,0,0,0.4404847962002176:0.9887062500903727
0,0,1,0,1,0,0,0,0.48810311144413426:0.9812317605502094
0,0,1,0,1,0,0,0,0.5357214266278151:0.9856287853312424
0,0,1,0,1,0,0,0,0.5833397418717318:0.9825757536266744
0,0,1,0,1,0,0,0,0.6309580573565925:0.9839972513563068
0,0,1,0,1,0,0,0,0.6785763724198012:0.9861844002975995
0,0,1,0,1,0,0,0,0.7261946874830099:0.9839396618548314
0,0,1,0,1,0,0,0,0.7738130025462187:0.986704735855852
0,0,1,0,1,0,0,0,0.8214313182117874:0.9735254808060353
0,0,1,0,1,0,0,0,0.8690496332749961:0.9834037170409983
0,0,1,0,1,0,0,0,0.9166679483382046:0.9746409054936723
0,0,1,0,1,0,0,0,0.9642862640037736:0.9703902973211408
0,0,1,0,0,1,0,0,0.011920102487124476:0.9434988755542354
0,0,1,0,0,1,0,0,0.05953846935329513:0.9589443720219553
0,0,1,0,0,1,0,0,0.10715658955303654:0.9687515241953237
0,0,1,0,0,1,0,0,0.15477490479695324:1.0086703470450111
0,0,1,0,0,1,0,0,0.20239321998063395:1.0341838799376384
0,0,1,0,0,1,0,0,0.2500115352245507:1.0410330116029323
0,0,1,0,0,1,0,0,0.2976298504684674:1.0255112528321448
0,0,1,0,0,1,0,0,0.34524816571238415:1.0119657759147642
0,0,1,0,0,1,0,0,0.3928664809563009:0.9896554253992321
0,0,1,0,0,1,0,0,0.4404847962002176:1.0032369094924796
0,0,1,0,0,1,0,0,0.48810311144413426:0.9966707823730724
0,0,1,0,0,1,0,0,0.5357214266278151:0.9957088887836085
0,0,1,0,0,1,0,0,0.5833397418717318:0.9892776096804295
0,0,1,0,0,1,0,0,0.6309580573565925:0.974271265474501
0,0,1,0,0,1,0,0,0.6785763724198012:0.9713412536638921
0,0,1,0,0,1,0,0,0.7261946874830099:0.9857918975829902
0,0,1,0,0,1,0,0,0.7738130025462187:0.9834369944876001
0,0,1,0,0,1,0,0,0.8214313182117874:0.9835407509968391
0,0,1,0,0,1,0,0,0.8690496332749961:0.9935405756008182
0,0,1,0,0,1,0,0,0.9166679483382046:0.9756394491988097
0,0,1,0,0,1,0,0,0.9642862640037736:0.9815875378450558
0,0,1,0,0,1,0,0,0.011920102487124476:0.944387055177623
0,0,1,0,0,1,0,0,0.05953846935329513:0.959480492258645
0,0,1,0,0,1,0,0,0.10715658955303654:0.9677254273139777
0,0,1,0,0,1,0,0,0.15477490479695324:1.0049469712216614
0,0,1,0,0,1,0,0,0.20239321998063395:1.0320546342386439
0,0,1,0,0,1,0,0,0.2500115352245507:1.0450419084206548
0,0,1,0,0,1,0,0,0.2976298504684674:1.0174076940019374
0,0,1,0,0,1,0,0,0.34524816571238415:1.0067237580034316
0,0,1,0,0,1,0,0,0.3928664809563009:1.0067174473149116
0,0,1,0,0,1,0,0,0.4404847962002176:0.9964735688531192
0,0,1,0,0,1,0,0,0.48810311144413426:0.9945628206451842
0,0,1,0,0,1,0,0,0.5357214266278151:0.9945249543617967
0,0,1,0,0,1,0,0,0.5833397418717318:0.9865587153110046
0,0,1,0,0,1,0,0,0.6309580573565925:0.9840755202314158
0,0,1,0,0,1,0,0,0.6785763724198012:0.9758444441078711
0,0,1,0,0,1,0,0,0.7261946874830099:0.9807622778011154
0,0,1,0,0,1,0,0,0.7738130025462187:0.9881529024817803
0,0,1,0,0,1,0,0,0.8214313182117874:0.983400353052862
0,0,1,0,0,1,0,0,0.8690496332749961:0.9817213981122542
0,0,1,0,0,1,0,0,0.9166679483382046:0.9738711811739922
0,0,1,0,0,1,0,0,0.9642862640037736:0.9781113733160237
0,0,1,0,0,1,0,0,0.011920102487124476:0.944597317710874
0,0,1,0,0,1,0,0,0.05953846935329513:0.9627979690723728
0,0,1,0,0,1,0,0,0.10715658955303654:0.9613932077640159
0,0,1,0,0,1,0,0,0.15477490479695324:1.0056724005684095
0,0,1,0,0,1,0,0,0.20239321998063395:1.0417466993012374
0,0,1,0,0,1,0,0,0.2500115352245507:1.0477800550391896
0,0,1,0,0,1,0,0,0.2976298504684674:1.0231331828637644
0,0,1,0,0,1,0,0,0.34524816571238415:1.0179318850692323
0,0,1,0,0,1,0,0,0.3928664809563009:1.0023059061717121
0,0,1,0,0,1,0,0,0.4404847962002176:1.0013660074773594
0,0,1,0,0,1,0,0,0.48810311144413426:0.9841869630978154
0,0,1,0,0,1,0,0,0.5357214266278151:0.9893237892369128
0,0,1,0,0,1,0,0,0.5833397418717318:0.9827742015319325
0,0,1,0,0,1,0,0,0.6309580573565925:0.9873467282139085
0,0,1,0,0,1,0,0,0.6785763724198012:0.9823199227397167
0,0,1,0,0,1,0,0,0.7261946874830099:0.9886481587465339
0,0,1,0,0,1,0,0,0.7738130025462187:0.9940795643859844
0,0,1,0,0,1,0,0,0.8214313182117874:0.9928894473687088
0,0,1,0,0,1,0,0,0.8690496332749961:0.9863765996990577
0,0,1,0,0,1,0,0,0.9166679483382046:0.974723101361883
0,0,1,0,0,1,0,0,0.9642862640037736:0.9774774102178061
0,0,1,0,0,1,0,0,0.011920102487124476:0.9435957192548092
0,0,1,0,0,1,0,0,0.05953846935329513:0.9636444081466998
0,0,1,0,0,1,0,0,0.10715658955303654:0.9706397017388679
0,0,1,0,0,1,0,0,0.15477490479695324:0.999627665720852
0,0,1,0,0,1,0,0,0.20239321998063395:1.0394288287364821
0,0,1,0,0,1,0,0,0.2500115352245507:1.046695665245237
0,0,1,0,0,1,0,0,0.2976298504684674:1.018720481113583
0,0,1,0,0,1,0,0,0.34524816571238415:1.0139940301997106
0,0,1,0,0,1,0,0,0.3928664809563009:0.9999342031197983
0,0,1,0,0,1,0,0,0.4404847962002176:0.9950902265936752
0,0,1,0,0,1,0,0,0.48810311144413426:0.9893479103222553
0,0,1,0,0,1,0,0,0.5357214266278151:0.9988237203996508
0,0,1,0,0,1,0,0,0.5833397418717318:0.9894881490500758
0,0,1,0,0,1,0,0,0.6309580573565925:0.9790901146309888
0,0,1,0,0,1,0,0,0.6785763724198012:0.9839242947652604
0,0,1,0,0,1,0,0,0.7261946874830099:0.9854496852021545
0,0,1,0,0,1,0,0,0.7738130025462187:0.982657986444112
0,0,1,0,0,1,0,0,0.8214313182117874:0.9897177464581609
0,0,1,0,0,1,0,0,0.8690496332749961:0.9860028176203948
0,0,1,0,0,1,0,0,0.9166679483382046:0.98305528731755
0,0,1,0,0,1,0,0,0.9642862640037736:0.9645739388640281
0,0,0,0,0,0,0,1,0.011920102487124476:0.9826590170854511
0,0,0,0,0,0,0,1,0.05953846935329513:0.9727197643274405
0,0,0,0,0,0,0,1,0.10715658955303654:0.9804691174217891
0,0,0,0,0,0,0,1,0.15477490479695324:0.9779170921220419
0,0,0,0,0,0,0,1,0.20239321998063395:0.9797355435404669
0,0,0,0,0,0,0,1,0.2500115352245507:0.9862359515280202
0,0,0,0,0,0,0,1,0.2976298504684674:0.9828688536890752
0,0,0,0,0,0,0,1,0.34524816571238415:0.9830996204357051
0,0,0,0,0,0,0,1,0.3928664809563009:0.9675284811498163
0,0,0,0,0,0,0,1,0.4404847962002176:0.978382825456053
0,0,0,0,0,0,0,1,0.48810311144413426:0.9728647187111419
0,0,0,0,0,0,0,1,0.5357214266278151:0.969045171960992
0,0,0,0,0,0,0,1,0.5833397418717318:0.9712717325964483
0,0,0,0,0,0,0,1,0.6309580573565925:0.9585714628437995
0,0,0,0,0,0,0,1,0.6785763724198012:0.9599790488754235
0,0,0,0,0,0,0,1,0.7261946874830099:0.982096390183134
0,0,0,0,0,0,0,1,0.7738130025462187:0.9873117852969198
0,0,0,0,0,0,0,1,0.8214313182117874:0.9799877446372894
0,0,0,0,0,0,0,1,0.8690496332749961:0.9834102843998245
0,0,0,0,0,0,0,1,0.9166679483382046:0.975048136281992
0,0,0,0,0,0,0,1,0.9642862640037736:0.966201593310429
0,0,0,0,0,0,1,0,0.011920102487124476:0.9678574964314708
0,0,0,0,0,0,1,0,0.05953846935329513:0.9658728550556166
0,0,0,0,0,0,1,0,0.10715658955303654:0.9761406849110079
0,0,0,0,0,0,1,0,0.15477490479695324:0.9719505308271731
0,0,0,0,0,0,1,0,0.20239321998063395:0.983165706764713
0,0,0,0,0,0,1,0,0.2500115352245507:0.9681734970589697
0,0,0,0,0,0,1,0,0.2976298504684674:0.98115293042208
0,0,0,0,0,0,1,0,0.34524816571238415:0.9742132322067281
0,0,0,0,0,0,1,0,0.3928664809563009:0.9682964976391795
0,0,0,0,0,0,1,0,0.4404847962002176:0.9750928661276096
0,0,0,0,0,0,1,0,0.48810311144413426:0.9830126622460497
0,0,0,0,0,0,1,0,0.5357214266278151:0.9814896939732832
0,0,0,0,0,0,1,0,0.5833397418717318:0.9806399370942553
0,0,0,0,0,0,1,0,0.6309580573565925:0.9731415960358742
0,0,0,0,0,0,1,0,0.6785763724198012:0.9758636010136703
0,0,0,0,0,0,1,0,0.7261946874830099:0.9750937252202306
0,0,0,0,0,0,1,0,0.7738130025462187:0.9807326863360045
0,0,0,0,0,0,1,0,0.8214313182117874:0.9876083926344362
0,0,0,0,0,0,1,0,0.8690496332749961:0.9850044096152076
0,0,0,0,0,0,1,0,0.9166679483382046:0.9705047627038748
0,0,0,0,0,0,1,0,0.9642862640037736:0.9771513235465884
0,0,0,0,0,0,1,0,0.011920102487124476:0.9692496709339341
0,0,0,0,0,0,1,0,0.05953846935329513:0.9636485613015874
0,0,0,0,0,0,1,0,0.10715658955303654:0.9721036823002818
0,0,0,0,0,0,1,0,0.15477490479695324:0.9710478733951556
0,0,0,0,0,0,1,0,0.20239321998063395:0.9788304076991757
0,0,0,0,0,0,1,0,0.2500115352245507:0.9794453550718994
0,0,0,0,0,0,1,0,0.2976298504684674:0.9816441671631512
0,0,0,0,0,0,1,0,0.34524816571238415:0.9697319253545806
0,0,0,0,0,0,1,0,0.3928664809563009:0.9791232187856455
0,0,0,0,0,0,1,0,0.4404847962002176:0.9763326890286185
0,0,0,0,0,0,1,0,0.48810311144413426:0.9818704857072761
0,0,0,0,0,0,1,0,0.5357214266278151:0.9884579766281537
0,0,0,0,0,0,1,0,0.5833397418717318:0.9669893582421011
0,0,0,0,0,0,1,0,0.6309580573565925:0.973681475006372
0,0,0,0,0,0,1,0,0.6785763724198012:0.9630956203930248
0,0,0,0,0,0,1,0,0.7261946874830099:0.97058660400763
0,0,0,0,0,0,1,0,0.7738130025462187:0.9827969846517401
0,0,0,0,0,0,1,0,0.8214313182117874:0.9771011953579659
0,0,0,0,0,0,1,0,0.8690496332749961:0.9810948462138662
0,0,0,0,0,0,1,0,0.9166679483382046:0.9672858723900938
0,0,0,0,0,0,1,0,0.9642862640037736:0.9800560337879693
0,0,0,0,0,0,1,0,0.011920102487124476:0.9707485262634415
0,0,0,0,0,0,1,0,0.05953846935329513:0.9698538911041271
0,0,0,0,0,0,1,0,0.10715658955303654:0.9710642738843388
0,0,0,0,0,0,1,0,0.15477490479695324:0.9699268777129212
0,0,0,0,0,0,1,0,0.20239321998063395:0.9854033561289802
0,0,0,0,0,0,1,0,0.2500115352245507:0.9861249584894919
0,0,0,0,0,0,1,0,0.2976298504684674:0.9748938113363528
0,0,0,0,0,0,1,0,0.34524816571238415:0.9734970677089932
0,0,0,0,0,0,1,0,0.3928664809563009:0.9742098004109143
0,0,0,0,0,0,1,0,0.4404847962002176:0.9817356581079035
0,0,0,0,0,0,1,0,0.48810311144413426:0.9701432998977986
0,0,0,0,0,0,1,0,0.5357214266278151:0.9799263086223953
0,0,0,0,0,0,1,0,0.5833397418717318:0.9738946479248946
0,0,0,0,0,0,1,0,0.6309580573565925:0.9845673026634887
0,0,0,0,0,0,1,0,0.6785763724198012:0.9738509623268725
0,0,0,0,0,0,1,0,0.7261946874830099:0.9709913079773153
0,0,0,0,0,0,1,0,0.7738130025462187:0.9820044062908136
0,0,0,0,0,0,1,0,0.8214313182117874:0.9842638499676655
0,0,0,0,0,0,1,0,0.8690496332749961:0.9821676149115843
0,0,0,0,0,0,1,0,0.9166679483382046:0.9755967136599648
0,0,0,0,0,0,1,0,0.9642862640037736:0.9802811481732833
0,0,0,0,0,0,1,0,0.011920102487124476:0.9677330383502522
0,0,0,0,0,0,1,0,0.05953846935329513:0.974239246209644
0,0,0,0,0,0,1,0,0.10715658955303654:0.9737525445209956
0,0,0,0,0,0,1,0,0.15477490479695324:0.9633969326204311
0,0,0,0,0,0,1,0,0.20239321998063395:0.9692283295471698
0,0,0,0,0,0,1,0,0.2500115352245507:0.991531420615698
0,0,0,0,0,0,1,0,0.2976298504684674:0.9676515676277211
0,0,0,0,0,0,1,0,0.34524816571238415:0.9726363787280174
0,0,0,0,0,0,1,0,0.3928664809563009:0.9709613162250843
0,0,0,0,0,0,1,0,0.4404847962002176:0.9774319200573487
0,0,0,0,0,0,1,0,0.48810311144413426:0.9674151084335303
0,0,0,0,0,0,1,0,0.5357214266278151:0.990813604110741
0,0,0,0,0,0,1,0,0.5833397418717318:0.9765812564134269
0,0,0,0,0,0,1,0,0.6309580573565925:0.9648462471908273
0,0,0,0,0,0,1,0,0.6785763724198012:0.9670815466574085
0,0,0,0,0,0,1,0,0.7261946874830099:0.9726534209103367
0,0,0,0,0,0,1,0,0.7738130025462187:0.9876322926842123
0,0,0,0,0,0,1,0,0.8214313182117874:0.985675218955215
0,0,0,0,0,0,1,0,0.8690496332749961:0.9826420182510887
0,0,0,0,0,0,1,0,0.9166679483382046:0.9763519288430317
0,0,0,0,0,0,1,0,0.9642862640037736:0.9785811346909741
0,0,0,0,0,0,0,1,0.011920102487124476:0.9788990306328026
0,0,0,0,0,0,0,1,0.05953846935329513:0.9651524906344696
0,0,0,0,0,0,0,1,0.10715658955303654:0.9759289640033669
0,0,0,0,0,0,0,1,0.15477490479695324:0.9688371751335403
0,0,0,0,0,0,0,1,0.20239321998063395:0.9965341637711849
0,0,0,0,0,0,0,1,0.2500115352245507:0.9734207819370705
0,0,0,0,0,0,0,1,0.2976298504684674:0.9728179510277618
0,0,0,0,0,0,0,1,0.34524816571238415:0.964097085879921
0,0,0,0,0,0,0,1,0.3928664809563009:0.9754561444320625
0,0,0,0,0,0,0,1,0.4404847962002176:0.9726236631081941
0,0,0,0,0,0,0,1,0.48810311144413426:0.9698697546595887
0,0,0,0,0,0,0,1,0.5357214266278151:0.9740553291368268
0,0,0,0,0,0,0,1,0.5833397418717318:0.9677094050378775
0,0,0,0,0,0,0,1,0.6309580573565925:0.9764549222130008
0,0,0,0,0,0,0,1,0.6785763724198012:0.9742186199824988
0,0,0,0,0,0,0,1,0.7261946874830099:0.9843612642749242
0,0,0,0,0,0,0,1,0.7738130025462187:0.9676831989369412
0,0,0,0,0,0,0,1,0.8214313182117874:0.987577891908692
0,0,0,0,0,0,0,1,0.8690496332749961:0.9853725276359491
0,0,0,0,0,0,0,1,0.9166679483382046:0.9773138511308568
0,0,0,0,0,0,0,1,0.9642862640037736:0.9748217176930453
0,0,0,0,0,0,0,1,0.011920102487124476:0.9629455153619094
0,0,0,0,0,0,0,1,0.05953846935329513:0.9643128398361809
0,0,0,0,0,0,0,1,0.10715658955303654:0.9712319518268432
0,0,0,0,0,0,0,1,0.15477490479695324:0.9657381774594024
0,0,0,0,0,0,0,1,0.20239321998063395:0.9789937379427027
0,0,0,0,0,0,0,1,0.2500115352245507:0.9793005374143691
0,0,0,0,0,0,0,1,0.2976298504684674:0.9754410564497084
0,0,0,0,0,0,0,1,0.34524816571238415:0.9840876225162016
0,0,0,0,0,0,0,1,0.3928664809563009:0.9748649847338773
0,0,0,0,0,0,0,1,0.4404847962002176:0.9784277451802746
0,0,0,0,0,0,0,1,0.48810311144413426:0.9861947667782873
0,0,0,0,0,0,0,1,0.5357214266278151:0.9881726099138919
0,0,0,0,0,0,0,1,0.5833397418717318:0.9729508616530044
0,0,0,0,0,0,0,1,0.6309580573565925:0.9786400639866768
0,0,0,0,0,0,0,1,0.6785763724198012:0.9698122368033969
0,0,0,0,0,0,0,1,0.7261946874830099:0.9743585848822116
0,0,0,0,0,0,0,1,0.7738130025462187:0.9803107474411914
0,0,0,0,0,0,0,1,0.8214313182117874:0.9879979715264944
0,0,0,0,0,0,0,1,0.8690496332749961:0.9878552633707356
0,0,0,0,0,0,0,1,0.9166679483382046:0.9914602031675203
0,0,0,0,0,0,0,1,0.9642862640037736:0.9672856378593722
0,0,0,0,0,0,0,1,0.011920102487124476:0.9723232618561908
0,0,0,0,0,0,0,1,0.05953846935329513:0.971305045408881
0,0,0,0,0,0,0,1,0.10715658955303654:0.9734982367859993
0,0,0,0,0,0,0,1,0.15477490479695324:0.9726933728854044
0,0,0,0,0,0,0,1,0.20239321998063395:0.9796670601064329
0,0,0,0,0,0,0,1,0.2500115352245507:0.9771176957687121
0,0,0,0,0,0,0,1,0.2976298504684674:0.9778102346361613
0,0,0,0,0,0,0,1,0.34524816571238415:0.9747273298150647
0,0,0,0,0,0,0,1,0.3928664809563009:0.9659650134752205
0,0,0,0,0,0,0,1,0.4404847962002176:0.9722177952357293
0,0,0,0,0,0,0,1,0.48810311144413426:0.9692487243152619
0,0,0,0,0,0,0,1,0.5357214266278151:0.9742783207665137
0,0,0,0,0,0,0,1,0.5833397418717318:0.9780168236668909
0,0,0,0,0,0,0,1,0.6309580573565925:0.9792460721522639
0,0,0,0,0,0,0,1,0.6785763724198012:0.9728834981143615
0,0,0,0,0,0,0,1,0.7261946874830099:0.9882594660091543
0,0,0,0,0,0,0,1,0.7738130025462187:0.9885844154777002
0,0,0,0,0,0,0,1,0.8214313182117874:0.976614428895359
0,0,0,0,0,0,0,1,0.8690496332749961:0.9931840025237504
0,0,0,0,0,0,0,1,0.9166679483382046:0.9881494961858288
0,0,0,0,0,0,0,1,0.9642862640037736:0.9625496927787935
0,0,0,0,0,0,0,1,0.011920102487124476:0.958698703582433
0,0,0,0,0,0,0,1,0.05953846935329513:0.9640768609990988
0,0,0,0,0,0,0,1,0.10715658955303654:0.9835653784965397
0,0,0,0,0,0,0,1,0.15477490479695324:0.9693862322326351
0,0,0,0,0,0,0,1,0.20239321998063395:0.9743393285029383
0,0,0,0,0,0,0,1,0.2500115352245507:0.9784818312314293
0,0,0,0,0,0,0,1,0.2976298504684674:0.9752044262487386
0,0,0,0,0,0,0,1,0.34524816571238415:0.9957872915694099
0,0,0,0,0,0,0,1,0.3928664809563009:0.972835697113921
0,0,0,0,0,0,0,1,0.4404847962002176:0.9699513284824999
0,0,0,0,0,0,0,1,0.48810311144413426:0.9755271442304645
0,0,0,0,0,0,0,1,0.5357214266278151:0.9690839622153328
0,0,0,0,0,0,0,1,0.5833397418717318:0.9676045435323195
0,0,0,0,0,0,0,1,0.6309580573565925:0.9641159567511793
0,0,0,0,0,0,0,1,0.6785763724198012:0.9820043991932127
0,0,0,0,0,0,0,1,0.7261946874830099:0.9811456998863735
0,0,0,0,0,0,0,1,0.7738130025462187:0.9849938017440703
0,0,0,0,0,0,0,1,0.8214313182117874:0.9814976806181152
0,0,0,0,0,0,0,1,0.8690496332749961:0.9851680342368195
0,0,0,0,0,0,0,1,0.9166679483382046:0.9787590620874368
0,0,0,0,0,0,0,1,0.9642862640037736:0.9749414653499869