0.007009917974387126597679564810050578671507537364959716796875,0.00685152479678973434784605700542670092545449733734130859375,0.007078427072101240759283147241376354941166937351226806640625,0.007710009553465812549843949597061509848572313785552978515625,0.00739865293959834392778507350385552854277193546295166015625
0.007243889419512002277035112030034724739380180835723876953125,0.007314111846607497524619390105726779438555240631103515625,0.00704850348824725449203842941869879723526537418365478515625,0.0073603169322614576952634735107494634576141834259033203125,0.006927882651085111830047136294297160930000245571136474609375
0.00780104385614970897988573739212370128370821475982666015625,0.007092987390421853950706054803276856546290218830108642578125,0.00736024985573694758012042171912980847992002964019775390625,0.00661137717910173679236596200325948302634060382843017578125,0.006652702219875941160032173371519093052484095096588134765625
0.00673411240313512814148477758635635836981236934661865234375,0.007046102511289187471377193361377067049033939838409423828125,0.0072289686610408111777648088036585249938070774078369140625,0.006803208569702227058451082797319031669758260250091552734375,0.00674941763673703003234560782175321946851909160614013671875
0.006850863110889906203160304443144923425279557704925537109375,0.00754459053556579863075715053355452255345880985260009765625,0.006657119761591080535356734770857656258158385753631591796875,0.00710220180336457694580953869945005862973630428314208984375,0.006958302964201847247427412668230317649431526660919189453125
0.00646956003671562973611486313529894687235355377197265625,0.007258395930111551964947214088397231535054743289947509765625,0.007026370474412927009943974354655438219197094440460205078125,0.0070283840236459553529879684674597228877246379852294921875,0.006576730584211966379459823883735225535929203033447265625
0.007377832143973743483922334007729659788310527801513671875,0.007065680175359909283294701509703372721560299396514892578125,0.006723864160027342475045575298508993000723421573638916015625,0.007292156286338971789284801872099706088192760944366455078125,0.0072893369740383885668766339449575752951204776763916015625
0.0069598976016647835785011722009585355408489704132080078125,0.00686009416414262197803086706926478655077517032623291015625,0.007330526712627924955378855287335682078264653682708740234375,0.007147414345770744005525987319060732261277735233306884765625,0.00704950316308096576467523419751159963198006153106689453125
0.006591575040371520921578252227845950983464717864990234375,0.006583648753166888335786044450514964410103857517242431640625,0.00725287456230865219819481382046433282084763050079345703125,0.006821645409854869106236474607385389390401542186737060546875,0.007173475580995646895543504939496415317989885807037353515625
0.0069905162818918627209985316994789172895252704620361328125,0.007683768207066906698321506752336063073016703128814697265625,0.006665347490932393113849396826253723702393472194671630859375,0.006817600555272459138256291311108725494705140590667724609375,0.007636829076217994081987594512384021072648465633392333984375
0.00669107531876686652261287946430456941016018390655517578125,0.006742941138405035388092567671947108465246856212615966796875,0.006977694813476260742024503969105353462509810924530029296875,0.007083571674658084051101614164736020029522478580474853515625,0.0079011151122204033303564330026347306556999683380126953125
0.007351361398595990248594489457900635898113250732421875,0.00713356846560779522814499387095565907657146453857421875,0.006312179459986316625019764359194596181623637676239013671875,0.0068459722558424536409393823532809619791805744171142578125,0.006917776811053628384373670456852778443135321140289306640625
0.007190232664493313198550428211319740512408316135406494140625,0.007450220622841904373478971734812148497439920902252197265625,0.007093155294006667395401155573608775739558041095733642578125,0.006612282343171176947349554353650091798044741153717041015625,0.006490821654168231653880827281000165385194122791290283203125
0.007237915594676995294232124678046602639369666576385498046875,0.007160702126831157247888182126871470245532691478729248046875,0.007442921709610726861694462996865695458836853504180908203125,0.007731689925892622043679391907744502532295882701873779296875,0.00679712092463195804992182047499227337539196014404296875
0.007252969488766390811218531808890475076623260974884033203125,0.00742378679522028538106948047925470746122300624847412109375,0.006840013742879403647878522320979755022563040256500244140625,0.007553829429527830589818915285604816745035350322723388671875,0.006767096057725316936293236125266048475168645381927490234375
0.0070937526873947782946050466534870793111622333526611328125,0.007395491893336012499682308174442368908785283565521240234375,0.006974130343327497767724754140772347454912960529327392578125,0.00711273773712985633854710698642520583234727382659912109375,0.00693080807604599079263518746074623777531087398529052734375
0.00703913808962702662597177294401262770406901836395263671875,0.0069538048836844564004611157770341378636658191680908203125,0.007462276460876270632593953990863155922852456569671630859375,0.00660706019958865083119281536028211121447384357452392578125,0.006807181743439183300992123548667223076336085796356201171875
0.007204858531355236468673997052292179432697594165802001953125,0.00677052321620881525365831521412474103271961212158203125,0.006813732825850698886227529982306805322878062725067138671875,0.00709158546517405473375017521675545140169560909271240234375,0.006814525135552290842355649402861672569997608661651611328125
0.007054035318181201170972816072435307432897388935089111328125,0.006838753344852837624812114114547512144781649112701416015625,0.0069844526213074693832272288318563369102776050567626953125,0.00693793451229380610245645044642515131272375583648681640625,0.006974369713868823657254569781116515514440834522247314453125
0.006250366179014800634139437107705816742964088916778564453125,0.00749589981444216506278888090264445054344832897186279296875,0.007045018534624425572687744789845964987762272357940673828125,0.007014164874612155951838499134964877157472074031829833984375,0.00741206511029102177445793131482787430286407470703125
0.00678831614596766587388376734679695800878107547760009765625,0.007317216831919119181260047213299912982620298862457275390625,0.0075708327070244975376400731192916282452642917633056640625,0.00761604583331143038249511079129661084152758121490478515625,0.00711195916025774733937314664444784284569323062896728515625
0.006752452325874905118829882866293701226823031902313232421875,0.0068846073106072491754048314760439097881317138671875,0.00673640478532523505339479896747434395365417003631591796875,0.007676380045035085912530359308902916382066905498504638671875,0.00738559285804705166478267841512206359766423702239990234375
0.006772034287703354756005058590062617440707981586456298828125,0.00678109818371310478501978735721422708593308925628662109375,0.006966909298053189196486822964970997418276965618133544921875,0.00697955271789122040637654009742618654854595661163330078125,0.00708471660767838636030280241584478062577545642852783203125
0.00710705866424060812847063317576612462289631366729736328125,0.00733900992784454649087155786446601268835365772247314453125,0.007486366628746510092085042487042301218025386333465576171875,0.007352583245163027240998143696515398914925754070281982421875,0.00735240257440524826171301953081638203002512454986572265625
0.006877072089534895689422189235529003781266510486602783203125,0.00707735890646852931762378347002595546655356884002685546875,0.007526445655004342961957863877842100919224321842193603515625,0.007193328200176175683810964045505897956900298595428466796875,0.007486843415513157705409863496015532291494309902191162109375
0.007017858170723993184447753179711071425117552280426025390625,0.007390332213371091085729602809806237928569316864013671875,0.00661856296597330105713208325823870836757123470306396484375,0.006067577556706602905089997790355482720769941806793212890625,0.00713639912096517177453325331271116738207638263702392578125
0.0071627831290220524140810454127858974970877170562744140625,0.00719959394033716122696109351863924530334770679473876953125,0.007092653392337053448735151306436819140799343585968017578125,0.007781358306447776380931902195925431442447006702423095703125,0.006945901104588674511430834712655268958769738674163818359375
0.006352641657940395758519258606611401773989200592041015625,0.00708208725816355903759369283534397254697978496551513671875,0.007746738192940578852929700559570846962742507457733154296875,0.0071158952405624663339889224289436242543160915374755859375,0.0070670550966681934534907583156382315792143344879150390625
0.007417439067446267818295435603204168728552758693695068359375,0.007396638075732874482992595943642299971543252468109130859375,0.007432895274578895337957984423837842768989503383636474609375,0.00732270495344408862969931561792691354639828205108642578125,0.00700213435770179366823828814858643454499542713165283203125
0.007556596162794350542146748495042629656381905078887939453125,0.006824792720177948190940497852352564223110675811767578125,0.007481559712002574559497336537106093601323664188385009765625,0.006939494080242791622381570704192199627868831157684326171875,0.007117738146611496570514976411914176424033939838409423828125
0.006204381976506656050374122202129001379944384098052978515625,0.007279170432840534853136116311134173884056508541107177734375,0.00707976070770490427397358956795869744382798671722412109375,0.006983023385842327367123427706019356264732778072357177734375,0.006849414054863846822163164773655807948671281337738037109375
0.007472366020517471653372698625616976642049849033355712890625,0.0075021624399676488381683014949885546229779720306396484375,0.00710833810473193543344461176047843764536082744598388671875,0.006765770492690003322378000660819452605210244655609130859375,0.0073408081020188385712454959275419241748750209808349609375
0.007223194170046743668722744047272499301470816135406494140625,0.006549305541583679002304307914528180845081806182861328125,0.007135590851745961769869719404368879622779786586761474609375,0.007287967433666946333314928807567412150092422962188720703125,0.006716044626029504284459026308695683837868273258209228515625
0.006958366886185942019882322284729525563307106494903564453125,0.006561881062872265864271970059462546487338840961456298828125,0.007097175281242291446093251039428650983609259128570556640625,0.007255278544600364358518884699833506601862609386444091796875,0.00665457109313336882261413762762458645738661289215087890625
0.007722340859452178109256781368685551569797098636627197265625,0.00660110219071888097708278309028173680417239665985107421875,0.006968687610311017320563475863082203431986272335052490234375,0.006409179050926715193181593122062622569501399993896484375,0.007578843994843687502382945098133859573863446712493896484375
0.00684355509001846780414712867468551849015057086944580078125,0.006897377392436066824432661093169372179545462131500244140625,0.007421864473973417176966282937655705609358847141265869140625,0.006973322912710354891385744480203356943093240261077880859375,0.007278460165188134489699933737938408739864826202392578125
0.007409704283891651969973235480892981286160647869110107421875,0.00727365090499480781982555299691739492118358612060546875,0.007242481647386350522566100806898248265497386455535888671875,0.00723731342855963612203940016343040042556822299957275390625,0.006972234060545009874665378646341196144931018352508544921875
0.007066050042196475415579026702062037657015025615692138671875,0.0075180607799845942940120124831082648597657680511474609375,0.007406491454565168781887241067352078971453011035919189453125,0.007093306187374839345827215453255121246911585330963134765625,0.006976085564594634857993327159420005045831203460693359375
0.006899044845120599379895143243857091874815523624420166015625,0.00686353114213546049160452611204163986258208751678466796875,0.00705261474992236424286229379276846884749829769134521484375,0.007327188877757419803449234763093045330606400966644287109375,0.00728618590705832659681906449122834601439535617828369140625
0.00730350825431349583161111382878516451455652713775634765625,0.0076663647901997929168249612530416925437748432159423828125,0.00663713299382561079664544223533084732480347156524658203125,0.0067940449711709448299412628102800226770341396331787109375,0.0069100709841238040775923678893377655185759067535400390625
0.00718623700397225638469844710698453127406537532806396484375,0.007256363194138297501023515678753028623759746551513671875,0.007219935837853341635550474819638111512176692485809326171875,0.007200582363134612300104020476965160924009978771209716796875,0.006667666412640532898337131229027363588102161884307861328125
0.0072716607666310772994933131485595367848873138427734375,0.007026235766570884493098514411713040317408740520477294921875,0.00667465967841113054503932033867386053316295146942138671875,0.006653699248592802491242270690463556093163788318634033203125,0.006981761726557729301478882888432053732685744762420654296875
0.00693177004502450178069494768351432867348194122314453125,0.00731454957715651533922684990329798893071711063385009765625,0.00701516068536612268091712252271463512443006038665771484375,0.00737257663616096292624746411092928610742092132568359375,0.00725860732608863724879544321311186649836599826812744140625
0.007014542105592789199286496426566372974775731563568115234375,0.006693983328388092464422687299929748405702412128448486328125,0.00627530499752343255692732526540567050687968730926513671875,0.00720423249517630932825529299634581548161804676055908203125,0.006972984547159740038868580569442201522178947925567626953125
0.007159696950879050093841104995817659073509275913238525390625,0.00683190882763237521124732865018813754431903362274169921875,0.007124021681400409533591044919376145116984844207763671875,0.0067498710022123147023176414904810371808707714080810546875,0.0070271549660116706947921016990221687592566013336181640625
0.006721040216880843319591232187804052955470979213714599609375,0.007269233685582870800601096306081672082655131816864013671875,0.006999212524540371523074089310512135853059589862823486328125,0.007117926943947669275736256366826637531630694866180419921875,0.0067834276232898726988196358433924615383148193359375
0.00746665114704601028117192385025191470049321651458740234375,0.006690174269508186721822085019084624946117401123046875,0.007350702757468705571264333542558233602903783321380615234375,0.00659936441502195943187292215270645101554691791534423828125,0.006906664023350386587274396532620812649838626384735107421875
0.006941033811457200143613111009699423448182642459869384765625,0.0066983009372543235449004583870191709138453006744384765625,0.007284201094524717610967368131014154641889035701751708984375,0.006953462448810927322428998564873836585320532321929931640625,0.006953472120587929870827448297632145113311707973480224609375
0.00702933270313969675580079154997292789630591869354248046875,0.007090065789710837083903438582410672097466886043548583984375,0.007397854043979655569440723184015951119363307952880859375,0.006855561923869521283314565351929559255950152873992919921875,0.007002272672293975187829406792161535122431814670562744140625
0.007063216936229746271969087700881573255173861980438232421875,0.0069522440946958481700068688269311678595840930938720703125,0.007152064057854268762370875123224323033355176448822021484375,0.0069937420014825509018141502792786923237144947052001953125,0.00714373106217878160728584902017246349714696407318115234375
0.006952487678949958137264442115110796294175088405609130859375,0.007300973943665804884173287092608006787486374378204345703125,0.0065431928933356135746901571792477625422179698944091796875,0.007488782007585987644804337293180651613511145114898681640625,0.00753239589579561726051526449055018019862473011016845703125
0.006535771882431034608684772280184915871359407901763916015625,0.006231919921323990883832433240741011104546487331390380859375,0.006677060519565806463726520547652398818172514438629150390625,0.00705618717418600265023354012328127282671630382537841796875,0.007132197285448729599799388978453862364403903484344482421875
0.00699641776777215097793405362835983396507799625396728515625,0.007439479136886618070023668991552767693065106868743896484375,0.00767967013937706326209831075857437099330127239227294921875,0.006788008304537795911670627901912666857242584228515625,0.007112151365355998643147383830864782794378697872161865234375
0.00714151594032576796100553195856264210306107997894287109375,0.006690129518076072014098887308364282944239675998687744140625,0.006744867348429617499860899698660432477481663227081298828125,0.007005743043882256375354256050513868103735148906707763671875,0.00718722785160901857237636392028434784151613712310791015625
0.007384028105923318673065036676916861324571073055267333984375,0.006728621280332858223260927843512035906314849853515625,0.0071670915162107516616085689520332380197942256927490234375,0.00722079356696652720215556797711542458273470401763916015625,0.007461717816322643685722493245293662766925990581512451171875
0.007491033559274135923689019733728855499066412448883056640625,0.007249624802550348745544539497132063843309879302978515625,0.007280794388690945036224366759824988548643887042999267578125,0.0069699806919976646513159579399143694899976253509521484375,0.007025877793960523011451702046770151355303823947906494140625
0.006663030675256336431144799092862740508280694484710693359375,0.007253671108342438049454425907924814964644610881805419921875,0.0070450226652506199587211455082069733180105686187744140625,0.007102548377642340336757253993482663645409047603607177734375,0.0072981419607207505262369551246592891402542591094970703125
0.007072329153327962768249559388777925050817430019378662109375,0.00756998439514477462763952786417576135136187076568603515625,0.007238011222192944522924040740008422289974987506866455078125,0.007005900534596335750558981914082323783077299594879150390625,0.00735225380277213132196312272981231217272579669952392578125
0.00726605605090828964021110181192852905951440334320068359375,0.006787197840889457912949556117609972716309130191802978515625,0.006760045401391293583281960621889083995483815670013427734375,0.006931442278033698826955610883260305854491889476776123046875,0.00760905591458349572775432534399442374706268310546875
0.00636419447045986040600862310157026513479650020599365234375,0.006853014224158435023503965766167311812750995159149169921875,0.0071892043143621207901272640583556494675576686859130859375,0.006932083721760813783963062206794347730465233325958251953125,0.006483968024165709907735699601971646188758313655853271484375
0.006875610470728612221014142136255031800828874111175537109375,0.006713141362997793008815516913045939872972667217254638671875,0.007268587817979129707401941828948110924102365970611572265625,0.0072074788431403906396877090401176246814429759979248046875,0.007350082077606789020263189371462431154213845729827880859375
0.007051886752732797365716965742876709555275738239288330078125,0.007232758751354570296576707022495611454360187053680419921875,0.006810198286143077060772466069238362251780927181243896484375,0.007553469487289825833042922198501400998793542385101318359375,0.0075684881446934880455668093190979561768472194671630859375
0.0073015902795082708587326436600051238201558589935302734375,0.00668877244925310254775041585162398405373096466064453125,0.006858524394525263544186710618077995604835450649261474609375,0.007291199276210099007589082731328744557686150074005126953125,0.006463101851837444074277971850506219197995960712432861328125
0.00752245209338303459645214132933688233606517314910888671875,0.006840757277021779041159543766070783021859824657440185546875,0.00719002922647361993047088191133298096247017383575439453125,0.007103779244344286293577628299544812762178480625152587890625,0.006595491263235512581497577144773458712734282016754150390625
0.007050175516822154188345539438387277186848223209381103515625,0.007414264530636889734271921525987636414356529712677001953125,0.006941062438660987321537021443873527459800243377685546875,0.006282429495115864938326044608629672438837587833404541015625,0.0069453848980706063553913764962999266572296619415283203125
0.007483207475083055761067019062693361775018274784088134765625,0.0068272217839909672687515040934158605523407459259033203125,0.00751221941443967582141549854668483021669089794158935546875,0.007769043445854668938910236875017290003597736358642578125,0.007199016970378851847101042693566341768018901348114013671875
0.007233378529813777428614240960769166122190654277801513671875,0.007162547558841441015797801838971281540580093860626220703125,0.007321756049199015965733838839923919294960796833038330078125,0.007154891828576531200012400546484059304930269718170166015625,0.00705584747391602672139665486383819370530545711517333984375
0.006648610134242074164168112559991641319356858730316162109375,0.007104090068415403087798143388909011264331638813018798828125,0.007182067244602872123360182143869678839109838008880615234375,0.006998863316100576402456479030433911248110234737396240234375,0.007405258098073600088462331569871821557171642780303955078125
0.00667222494156136970711035161230029189027845859527587890625,0.00724477755943618399736561030977100017480552196502685546875,0.0072690749146174273020992728788769454695284366607666015625,0.006329773506334060960420995201047844602726399898529052734375,0.00708695433938172532351007504303197492845356464385986328125
0.006689544084841841410649099231022773892618715763092041015625,0.00726040082581093371150160464821965433657169342041015625,0.00690919411783426883066905332952956086955964565277099609375,0.006665411218453564691499568795052255154587328433990478515625,0.00675293945076414249550911250707940780557692050933837890625
0.0070635152317124923204705311263751354999840259552001953125,0.0072663171226669855118363017254523583687841892242431640625,0.00695247483384331572964232037747933645732700824737548828125,0.007200745114765622935382172187246396788395941257476806640625,0.007002511007588449291894061587981923366896808147430419921875
0.0069719139413765042478932087988141574896872043609619140625,0.007552259072038071223420541144832895952276885509490966796875,0.0069533392565852870925713347105556749738752841949462890625,0.007326312607070927136743154761688856524415314197540283203125,0.007199977851767063764809595483029625029303133487701416015625
0.007255626603250132401756733457887094118632376194000244140625,0.006745784383632894877502739205965553992427885532379150390625,0.006640003414483431308512617619044249295257031917572021484375,0.00684258848431940590317790196195346652530133724212646484375,0.006823145557608089988022026517455742578022181987762451171875
0.0067790283963435511715989179037933354265987873077392578125,0.007658114889294372236439034651311885681934654712677001953125,0.006947204965925538565352237441175020649097859859466552734375,0.006820006390562829458323879094905350939370691776275634765625,0.007181084393332444644475476280831571784801781177520751953125
0.007293354015255768159342597556360487942583858966827392578125,0.00745732654100275844932799174102910910733044147491455078125,0.007362346300204626430019327898435221868567168712615966796875,0.0074114118168867489100382073274886352010071277618408203125,0.00660819278268592012748339215022497228346765041351318359375
0.007331109887763034675678408547128128702752292156219482421875,0.006811767920196435364965648062707259668968617916107177734375,0.00690748584667935476566480446081186528317630290985107421875,0.007370888334354819791671697970514287590049207210540771484375,0.006649259146083046946584804715030259103514254093170166015625
0.006648027580405799739915462254202793701551854610443115234375,0.007031845885883086615109061057182771037332713603973388671875,0.00650234793618791051539318459617788903415203094482421875,0.0069940915866359698593868188254418782889842987060546875,0.006305623471437998665833912781408798764459788799285888671875
0.0066501258984037574240044676798788714222609996795654296875,0.00712738035182898695130138122522112098522484302520751953125,0.007340671257312068355427303600890809320844709873199462890625,0.00757967766108009512182608347075074561871588230133056640625,0.006583302798312548088921491995506585226394236087799072265625
0.007068808823956281885136920806189664290286600589752197265625,0.0066790907134712841630719282193240360356867313385009765625,0.007682673171127008503178412723855217336677014827728271484375,0.007145409820722109332791216473879103432409465312957763671875,0.007353595994244655452420911245781098841689527034759521484375
0.0069623650834756134475611588641186244785785675048828125,0.00695698510102705884594609386795127647928893566131591796875,0.00683265420280562522925560386966026271693408489227294921875,0.0074695798195349404069443011167095392011106014251708984375,0.00706620690722728657384710260203064535744488239288330078125
0.00705559712922428951265008123527877614833414554595947265625,0.006955308859751371981794410004340534214861690998077392578125,0.00745369506225128895804399320468291989527642726898193359375,0.006170221771632305833577003539858196745626628398895263671875,0.00682176981831523511490278366409256705082952976226806640625
0.0066196967892407192202153254356744582764804363250732421875,0.00742188196990469818692393033643384114839136600494384765625,0.007065267105039195298654686183681405964307487010955810546875,0.00706265526512699082228863289856235496699810028076171875,0.007120802266334891501842196959159991820342838764190673828125
0.007381197833404428733372615312191555858589708805084228515625,0.0080678542381388933246721961722869309596717357635498046875,0.0063147490251970438135398211443316540680825710296630859375,0.00700988179367570234112871929710308904759585857391357421875,0.007444201025726849586805489167318228282965719699859619140625
0.0070985024501893263793039778875026968307793140411376953125,0.006999334695968068183191679310084509779699146747589111328125,0.0070060124925047546906586859449816984124481678009033203125,0.00645471337555823289344747450968498014844954013824462890625,0.00689336721693515654119099878016641014255583286285400390625
0.007153029965516539100123249994567231624387204647064208984375,0.0071418812055009349426537568206185824237763881683349609375,0.00677807061888205213129321435872043366543948650360107421875,0.007011065256598500612661428732508284156210720539093017578125,0.007228338279379186402662238464245092472992837429046630859375
0.006911954101308674658366015819410677067935466766357421875,0.006849976021870561593285486878812662325799465179443359375,0.0075917267129982750339944885809018160216510295867919921875,0.007571396291854119199593586841956494026817381381988525390625,0.00693410615795733882571472150857516680844128131866455078125
0.007132625761591764555757944066272102645598351955413818359375,0.007383217158274890667968293200829066336154937744140625,0.007173993791012155119002358105717576108872890472412109375,0.007236805650274703675950416226214656489901244640350341796875,0.0073568459964401013151391595101813436485826969146728515625
0.00700662795582471069344432379466525162570178508758544921875,0.00709402789861150739891826333405333571135997772216796875,0.00753041950244872672348694919719491736032068729400634765625,0.0070330568106180026133333882398801506496965885162353515625,0.006866621288803327442795687574061958002857863903045654296875
0.00708314885593399994057062230012888903729617595672607421875,0.006906129293215305768594003410498771700076758861541748046875,0.0070725047232238248684499382079593488015234470367431640625,0.007763350369953081649143644682453668792732059955596923828125,0.006990876213451363389850268248437714646570384502410888671875
0.00704970071873904126358301169830156140960752964019775390625,0.007078139648132705276373233260756023810245096683502197265625,0.00690063737157373992270326112929978989996016025543212890625,0.006613774069418021893385084553074193536303937435150146484375,0.00749007912675878247121818986897778813727200031280517578125
0.00708915881258237630391239036953265895135700702667236328125,0.006333112800768294671505120874144267872907221317291259765625,0.00706568900421407179723853886343931662850081920623779296875,0.006947431473690678267740583606837390107102692127227783203125,0.007300619651759424587333935363631098880432546138763427734375
0.007008889884355257345049938777492570807226002216339111328125,0.0070234733521197835470761816623053164221346378326416015625,0.007102173510801334209430191179990288219414651393890380859375,0.006806416563098684029131657524658294278196990489959716796875,0.0071400492326760510441996387953622615896165370941162109375
0.007204015532951615376211496055702809826470911502838134765625,0.006648066209805457947579210298272300860844552516937255859375,0.00755523149779504556156073391548488871194422245025634765625,0.007165696940040628716561688094088822253979742527008056640625,0.007064409547068107621259347439490738906897604465484619140625
0.0069335596351864890729554957715663476847112178802490234375,0.007027814750853009391484693679785777931101620197296142578125,0.0071517164170520342025838544941507279872894287109375,0.00684678482334066633441249649649762432090938091278076171875,0.00686814781328232322465954240442442824132740497589111328125
0.0061311643795326185857330614226157194934785366058349609375,0.007555344534144422564969634237286300049163401126861572265625,0.006779686635134192680685050191868867841549217700958251953125,0.007299654586178014152586523977106480742804706096649169921875,0.006612888000852371918336647382830051355995237827301025390625
0.006755350327727514640752115582245096447877585887908935546875,0.007119091484666335845066242882239748723804950714111328125,0.00717033883762027181296705435897820279933512210845947265625,0.007184748815839856091181037101023321156390011310577392578125,0.0066981764819414903178174114373177872039377689361572265625
0.006997967288885814478305302799299170146696269512176513671875,0.00661571044187596844776688698175348690710961818695068359375,0.00723702845101658644166864320368404150940477848052978515625,0.0069699880257970726893379520561211393214762210845947265625,0.006739762757946702632916302633248051279224455356597900390625
0.006958798701388922182398122373570004128850996494293212890625,0.007003308559670968179433625522278816788457334041595458984375,0.007690816239202681592335153482054010964930057525634765625,0.00651196172139161151559694218349250149913132190704345703125,0.007176841668157084123957911714342117193154990673065185546875
0.007561790052873630478547095634667130070738494396209716796875,0.007163128189357214313515154202605117461644113063812255859375,0.006826940721877006179596492074779234826564788818359375,0.00765438511149970322866575855869086808525025844573974609375,0.00730511988536768942792409831099575967527925968170166015625
0.00702546828314517569913366656919606612063944339752197265625,0.007318117681699231637237890168989906669594347476959228515625,0.007486591407391753050237781508258194662630558013916015625,0.006913915314197965032716464151008040062151849269866943359375,0.006419772646079772819571740427591066691093146800994873046875
0.007498543903939753653420385859362795599736273288726806640625,0.006623804117453586416675026526945657678879797458648681640625,0.00699279525317477064494386951309934374876320362091064453125,0.007024198487846146886359743888306184089742600917816162109375,0.00708132031262843734953360552708545583300292491912841796875
0.007344235899657891759872985204538053949363529682159423828125,0.007000054823383665414393561832184786908328533172607421875,0.00721883753358175915548766710116979083977639675140380859375,0.0069059768327457242420575056485176901333034038543701171875,0.00712581572884555917990478945966970059089362621307373046875
0.00688425987869130222296387699998376774601638317108154296875,0.006687761251337091296387260541678188019432127475738525390625,0.006364212689489229766992561820870832889340817928314208984375,0.007063460930897934829386652921812128624878823757171630859375,0.00685325794525942257051642769738464266993105411529541015625
0.00729887646733034210766444260798380128107964992523193359375,0.007071271284139232608800806900717361713759601116180419921875,0.0072405873075345704437122407171045779250562191009521484375,0.0068788391038387651510443987490361905656754970550537109375,0.007323767572208214095275113919569776044227182865142822265625
0.007504706420879878568663823301676529808901250362396240234375,0.00708722037038043116419228084623682661913335323333740234375,0.006701691178985432449655146314171361154876649379730224609375,0.00710139797227218351471922375139911309815943241119384765625,0.00716266295033535747849295916012124507687985897064208984375
0.0067880550016263703494434622598419082351028919219970703125,0.00715909627813539166385492507060916977934539318084716796875,0.00683486478498213610721645494550102739594876766204833984375,0.00730227573435534259294055203781681484542787075042724609375,0.007043468424673884377418264790549073950387537479400634765625
0.00708311592316258724355559905916379648260772228240966796875,0.006575588418582537821033273672810537391342222690582275390625,0.0069471541564520809808325196854639216326177120208740234375,0.007038373408356664133467273103406114387325942516326904296875,0.0068916177561952722541160909486279706470668315887451171875
0.007061683086015482953279320810224817250855267047882080078125,0.007688972910963087596669662815429546753875911235809326171875,0.006924641721715834273565004508554920903407037258148193359375,0.006890040029288856983369360165170292020775377750396728515625,0.00715847453795570749790488918051778455264866352081298828125
0.007006025750152082738619885304842682671733200550079345703125,0.00674943273663062594247552539172829710878431797027587890625,0.007064659144607803205329066287276873481459915637969970703125,0.0068030888526800746551881360346669680438935756683349609375,0.006932606917536694203507696698807194479741156101226806640625
0.00717005963172433029295671502723052981309592723846435546875,0.0071307542644243639140544388510534190572798252105712890625,0.0075185836325671016877603136663310579024255275726318359375,0.00704122132484910449867765436238187248818576335906982421875,0.007477745624408988107945095435979965259321033954620361328125
0.006731039403336726290039138120846473611891269683837890625,0.0065060314666761480395518191244264016859233379364013671875,0.0072519515678630963595452385561657138168811798095703125,0.007063595598369242813119317503378624678589403629302978515625,0.007148383421472284497688587379116142983548343181610107421875
0.007270763184486733581024520134405975113622844219207763671875,0.007048821444716457489121363977346845786087214946746826171875,0.0073202837558376809834470577698084525763988494873046875,0.00662947597584858001884544620452288654632866382598876953125,0.00677326761541647594244697216936401673592627048492431640625
0.007060367353012128761868826387626540963537991046905517578125,0.00715210810977340814831304527388056158088147640228271484375,0.00679474164968129311359401611980501911602914333343505859375,0.007550379523554420595210512345829556579701602458953857421875,0.0071360566403488139008981505639894749037921428680419921875
0.00804236695815145619103958551932009868323802947998046875,0.006948979134787471208245523968116685864515602588653564453125,0.00668283973871748419870453261637521791271865367889404296875,0.00697056609448975898757350222467721323482692241668701171875,0.006529549671629972067143921066190159763209521770477294921875
0.00704801306678616741596687944593213615007698535919189453125,0.0073621870135973342674784447581259883008897304534912109375,0.007257767244820742709443539553149093990214169025421142578125,0.006858360627014579991023168759056716226041316986083984375,0.006841371207663530205900226377480066730640828609466552734375
0.0068475962174087794120946881548661622218787670135498046875,0.006981766217849600698885925709191724308766424655914306640625,0.00712072364225399372095193228915377403609454631805419921875,0.006859054588835285064252200726286901044659316539764404296875,0.006477279919163843845131278698090682155452668666839599609375
0.0074905913038092568345671651286465930752456188201904296875,0.00694078775713433300531551850554023985750973224639892578125,0.007315520378841412936499200014850430306978523731231689453125,0.0073103391283014344803614648071743431501090526580810546875,0.006814539495619126134584586651499193976633250713348388671875
0.007302327215486489712936712948021522606723010540008544921875,0.006811405355333915480342543702363400370813906192779541015625,0.006477853952653600533295730201643891632556915283203125,0.006857384697918494052826243745357714942656457424163818359375,0.006845213681195662543121915888377770897932350635528564453125
0.00698646002796048277982965402088666451163589954376220703125,0.0073180541275497286435314236996418912895023822784423828125,0.006613355607521471946075308778745238669216632843017578125,0.007350031759122739420664327525400949525646865367889404296875,0.00734926300454767818248758004529008758254349231719970703125
0.00736913108244160834636726775670467759482562541961669921875,0.0067551651018633897261000953449183725751936435699462890625,0.007390338498059986251098596454767175600863993167877197265625,0.006958660136554791104945838497997101512737572193145751953125,0.0076200637182137799519043852569666341878473758697509765625
0.006777509829423236827061760578772009466774761676788330078125,0.00720217404173618958029834402623237110674381256103515625,0.0069902381981747953310080134770032600499689579010009765625,0.006769785772483895812390297663796445704065263271331787109375,0.007066561559785211089901313386008041561581194400787353515625
0.006555771597974026365651667447309591807425022125244140625,0.00675855415306354789795051374312606640160083770751953125,0.007508189929770974803402427966148025006987154483795166015625,0.007114676371411428855429104345375890261493623256683349609375,0.00740225196392451344207241703543331823311746120452880859375
0.006869469270086804059405327649301398196257650852203369140625,0.0067070514437575778909916834891191683709621429443359375,0.00761521152348132619736009729649595101363956928253173828125,0.0065945269892573772640975704462107387371361255645751953125,0.0076120904637138886439373663961305283010005950927734375
0.006841689428074586819261693193539031199179589748382568359375,0.007281956548027586871574268201356971985660493373870849609375,0.0067750492049252659942926158009868231602013111114501953125,0.006432703069270072869512144819736931822262704372406005859375,0.00698494673295850347638502597646947833709418773651123046875
0.00708343292336397790942559282711954438127577304840087890625,0.0069359520638077286347478178640812984667718410491943359375,0.007133230454949975214706814341525387135334312915802001953125,0.006845521923525214012806738850258625461719930171966552734375,0.007235323000972388070295426842903907527215778827667236328125
0.007312486066359968721328765894895695964805781841278076171875,0.006695880419792076508611611274091046652756631374359130859375,0.00748694916086116261932925652899939450435340404510498046875,0.006870640815741633870838978026540644350461661815643310546875,0.007057690406759078820264630138581196661107242107391357421875
0.007072782794696349205343377519739078707061707973480224609375,0.007586369757548893331955408569911014637909829616546630859375,0.007436589730861971163367041270930712926201522350311279296875,0.00663947195756180684467206987164900056086480617523193359375,0.0068047480582577139773814423051589983515441417694091796875
0.0069860790351261199682131319832478766329586505889892578125,0.006742955940455086331908329810858049313537776470184326171875,0.00676557976706554549395367104125398327596485614776611328125,0.00719384881052385904975920993820182047784328460693359375,0.006420849233150148667459422568981608492322266101837158203125
0.007260540770126143635121440667035130900330841541290283203125,0.007336512169699935421995906636993822758086025714874267578125,0.00788592554727741805453700152384044486097991466522216796875,0.0080020593450313391714612265559480874799191951751708984375,0.0077272499008387007801701429343665950000286102294921875