-0.002908501973404964240088599325417817453853785991668701171875
-0.0035497358796205045160243596313875968917272984981536865234375
-0.005572958668960873059028404696846337174065411090850830078125
-0.00276793260435888310855290228573721833527088165283203125
-0.0051846008148408902205250825545590487308800220489501953125
-0.00659215632201570929382672403562537510879337787628173828125
-0.003964882121121920087458700976412728778086602687835693359375
-0.00005853387925287031716414798410141884232871234416961669921875
-0.004874396709736523482237036120068296440877020359039306640625
-0.002049655600693394384703704957928493968211114406585693359375
-0.002676113129039676442888495699889972456730902194976806640625
-0.003509259326123712920131314518812359892763197422027587890625
-0.00178336120324971828844662358193318141275085508823394775390625
-0.0027442725201635119469667500879950239323079586029052734375
-0.00133326218493617725500965942586617529741488397121429443359375
0.0012183969676588467766220613697214503190480172634124755859375
-0.0016543522802288540031467878321791431517340242862701416015625
0.004183887453464769923261457051921752281486988067626953125
0.00077332137864695471053677611195098506868816912174224853515625
-0.0035825831440339998661126497125906098517589271068572998046875
-0.001648746144941994583310584943092180765233933925628662109375
-0.00182174481836812926331681250502469993080012500286102294921875
-0.00413514449035443966418146288788193487562239170074462890625
-0.005045646365542499033052248336161937913857400417327880859375
-0.002685763972799016553738571388976197340525686740875244140625
-0.0006564793468187180187911611284334867377765476703643798828125
0.000763388550475936904400608984389009492588229477405548095703125
-0.0066069490369703165466575001119053922593593597412109375
-0.0036950413006300955078009540244465824798680841922760009765625
-0.000091865275605747319202787348757510699215345084667205810546875
0.000866276812211545983212490629199464819976128637790679931640625
-0.002748370603051538373085005417806314653716981410980224609375
-0.004546122375096492591872721078516406123526394367218017578125
-0.00159991785184943730545314988233940312056802213191986083984375
-0.0036193109354382101139346872287205769680440425872802734375
-0.00524002177654918355198532253780285827815532684326171875
-0.0020782275316835103519397254245859585353173315525054931640625
-0.0038633371900072791156610652052449950133450329303741455078125
-0.00023664074693017923107195288334736460456042550504207611083984375
-0.002924630981009916641522039526535081677138805389404296875
-0.0038847289614549573681656635670833566109649837017059326171875
-0.00271931612128469175904132981713701155968010425567626953125
-0.0023604114990082047421948718834983083070255815982818603515625
-0.004347304471410796435082435351660024025477468967437744140625
0.000067558186568020058720453191458688024795264936983585357666015625
-0.0021146755943504745405003841796087726834230124950408935546875
-0.00701553850452525488978761103453507530502974987030029296875
-0.004932992304445937836732127834693528711795806884765625
-0.00136795393991242662974638921724590545636601746082305908203125
-0.0017057834565783222373347438605151182855479419231414794921875
-0.0010584163707472297490108648077011821442283689975738525390625
-0.00518276612972392268507970669588758028112351894378662109375
-0.0014880634630685340112632442099993568263016641139984130859375
-0.00403791203942288449979525211119835148565471172332763671875
-0.0030583644792545987278753472082826192490756511688232421875
-0.00645069766318595756715570388450942118652164936065673828125
-0.00150833599832299737435181707922993155079893767833709716796875
0.000370519744095579241401072767558844134327955543994903564453125
-0.0033808962224342498266438372667153089423663914203643798828125
-0.0037566127226411056942712018980046195792965590953826904296875
-0.0037550607306757219187864915710406421567313373088836669921875
-0.00359097050380846431749670699673515628091990947723388671875
-0.001675007892275222516620392099184755352325737476348876953125
-0.0029460541233844689083809509355660338769666850566864013671875
0.014621323569192816449469063400101731531322002410888671875