0.000013386991668360480873373706545148564828195958398282527923583984375
0.000067949540996095980443202078102871155351749621331691741943359375
-0.002911464809183629716404784204542011138983070850372314453125
-0.002669090408227835047039189220186017337255179882049560546875
-0.00228071453737854583365685101625786046497523784637451171875
-0.000382316107633415692805545216259588414686731994152069091796875
-0.0012599898340884675522477476050653422134928405284881591796875
-0.0020416235755343135720163427748730100574903190135955810546875
-0.0022014654965560906223209780563365711714141070842742919921875
-0.00283194910419185159888844083297954057343304157257080078125
-0.00174259540024822106273061361747522823861800134181976318359375
-0.000265223533515503997158579974069425588822923600673675537109375
-0.000978715187759483969121010460412435350008308887481689453125
-0.002192775339147468895151238399421345093287527561187744140625
-0.0021910252980529162057654612993928822106681764125823974609375
-0.00076000989917149471518376113721160436398349702358245849609375
-0.002562815654898027706298790917571750469505786895751953125
-0.00250287142487018617054150837475390289910137653350830078125
-0.00180732181137868599778151246226798321004025638103485107421875
-0.0021235671209234477201099888787894087727181613445281982421875
-0.0021892297378145590160125610879049418144859373569488525390625
-0.00194510469864860036093290318603976629674434661865234375
-0.00174378692172502854085269774486732785589993000030517578125
-0.00159604418236555280208310847456232295371592044830322265625
-0.0020597825328278634472722874448891161591745913028717041015625
-0.00181705520949616383501179495141286679427139461040496826171875
-0.0018910694752428563493451552091073608607985079288482666015625
-0.00115992272059736180843392272521441554999910295009613037109375
-0.001225175856186499524780320058425786555744707584381103515625
-0.0030063563246278735864580600178896929719485342502593994140625
-0.00195397874344226639420352142906267545185983180999755859375
-0.0019632770417703543537613075642411786247976124286651611328125
-0.0031891421702840093942155075268374275765381753444671630859375
-0.000607760131228522672459935183297830008086748421192169189453125
-0.00158028590820425579067942667421675650984980165958404541015625
-0.0013635578533062009225218513819299914757721126079559326171875
-0.00186003611676269675796746572160600408096797764301300048828125
-0.002458860936615190999343649735919825616292655467987060546875
-0.00177412599202067338376165306357279405347071588039398193359375
-0.0016337068086430968881506142764692413038574159145355224609375
-0.00153148579732710339411372313378478793310932815074920654296875
-0.00116328564198093088559449181929039696115069091320037841796875
-0.001709690110272589491646755277542979456484317779541015625
-0.00164233100868295379091976737839786437689326703548431396484375
0.0002218992500196810221425869347200432457611896097660064697265625
-0.0013510087466479998342949730982809342094697058200836181640625
-0.0020770414888355791770135905238703344366513192653656005859375
-0.000847681954256812651531116653558228790643624961376190185546875
-0.00147750002260232092023140015868420960032381117343902587890625
-0.0019967404064513906598865577990409292397089302539825439453125
-0.002611859987868597916815804893531094421632587909698486328125
-0.000800060654192615017255008069696486927568912506103515625
-0.002579860833631832627010904701592153287492692470550537109375
-0.0025185528227773365701758212509275836055167019367218017578125
-0.0015082834853490799560671309365034176153130829334259033203125
-0.000517744420693692333941549055253972255741246044635772705078125
-0.0015521530260169751590237918748016454628668725490570068359375
-0.0018607029636651443126049709775315932347439229488372802734375
-0.0022272317326325415283438946545402359333820641040802001953125
-0.00164552060842540156561375486177212223992682993412017822265625
-0.0011798963808053492159644282111230495502240955829620361328125
-0.000639648246854210397911721930341855113510973751544952392578125
-0.0018130271122348169676730123001107131130993366241455078125
-0.00145137471187884131533507581224284876952879130840301513671875
-0.0021254859171778496020055460036246586241759359836578369140625
-0.0002017813181572042477603112775597082872991450130939483642578125
-0.0016322229234900305534783360172923494246788322925567626953125
-0.00126634382333697136958916562576860087574459612369537353515625
-0.002063751702508740369645945378351825638674199581146240234375
-0.0028605005642498536333473424519979744218289852142333984375
0.00002888229166955312920777275420558538598925224505364894866943359375
-0.001006953155244448040728233451091000461019575595855712890625
-0.001255197933120081633939779663933222764171659946441650390625
-0.0011131516488885845155010212437218797276727855205535888671875
-0.0021583999157581408405437439768093099701218307018280029296875
-0.0001712858012554983357100812924045385443605482578277587890625
-0.0023661257063293562874495279402253800071775913238525390625
-0.000748650063233905860120287467651678525726310908794403076171875
-0.00147572833099248314041307406085934417205862700939178466796875
-0.00189117027279459026280206135339767570258118212223052978515625
-0.00109817316814975023120393160525054554454982280731201171875
-0.0015235461290538554642026713992208897252567112445831298828125
-0.0010675490570298362506818090622573436121456325054168701171875
-0.00187123836712171681857797000958498756517656147480010986328125
-0.002108772650910108008293075698702523368410766124725341796875
-0.000700288802307761433681154716879291299846954643726348876953125
-0.0002156558998262630695401387281862071176874451339244842529296875
-0.001910140719779125466348812523165179300121963024139404296875
-0.000249388863033052376495801727429579841555096209049224853515625
-0.00267996455864791781331657460896167322061955928802490234375
-0.0017835219175960826017146576560890025575645267963409423828125
-0.000690410889125457095938376284038895391859114170074462890625
-0.0002072045165917984761543013672024926563608460128307342529296875
-0.0033025925224364886291505971627202598028816282749176025390625
-0.00137335108187398402361523164216805525938980281352996826171875
-0.0024407248288735258236192837699718438670970499515533447265625
-0.0016270863740467833742642245198339878697879612445831298828125
-0.0019555648985285565936986795776419967296533286571502685546875
0.0003129796938848758403560468277504469369887374341487884521484375
-0.002523179808382181033010738246957771480083465576171875
-0.001161695697563916267192052345080810482613742351531982421875
-0.002443025591174682702166887082739776815287768840789794921875
-0.000850974856800959067286427295329076514462940394878387451171875
-0.0016780263100738845340187399557407843531109392642974853515625
-0.0006668459412019086228473607746991547173820436000823974609375
0.000081451633093292311982129560998799888693611137568950653076171875
-0.0011876919751811977794819785714253157493658363819122314453125
-0.002558030978827445511836202740596490912139415740966796875
-0.000661179157024884976874556929971049612504430115222930908203125
-0.0028495294119918481400011156523532918072305619716644287109375
-0.0000587425732858780193039981154523587747462443076074123382568359375
-0.0025810487442605198164791158177422403241507709026336669921875
-0.002363559445146204938958955921179949655197560787200927734375
-0.0021104249658758116904577750716498485417105257511138916015625
-0.0002779157608812217960213286627180195864639244973659515380859375
-0.0025060378430239315002137079346766768139787018299102783203125
-0.00148658870610473225169767541586907100281678140163421630859375
-0.0011017913303288918124012152333079939126037061214447021484375
-0.00137704876980371975804529061093717245967127382755279541015625
-0.000375309560245061708295966074189209393807686865329742431640625
-0.00246541419375246977085947008845323580317199230194091796875
-0.002317052897875320101317431209508868050761520862579345703125
-0.00146055544546015128766491830702989318524487316608428955078125
-0.00087097310617927970778640034410500447847880423069000244140625
-0.0013188882801478825877727896198621237999759614467620849609375
-0.00166993729899500586467964158288168619037605822086334228515625
-0.0026965592364179501692900142728603896102868020534515380859375
-0.00110441144536888220285819617316747098811902105808258056640625
0.006788075382297591338354170176216939580626785755157470703125