-0.01260578018882732402594637477477590437047183513641357421875
0.01539622045273175525437192590061385999433696269989013671875
-0.0038700323504970274811343156073917270987294614315032958984375
0.01148294569409358777123397743480381905101239681243896484375
-0.002063144493305762820767323972859230707399547100067138671875
0.00876410795594107124018012910937613924033939838409423828125
0.030084377571228192171925996944992220960557460784912109375
0.01493565328167576096440871680215423111803829669952392578125
0.00347124582895210094524163224605217692442238330841064453125
0.0085406511961303617497254236923254211433231830596923828125
-0.0079964041680969134839873646569685661233961582183837890625
0.00938150807871387069913904355189515626989305019378662109375
-0.011546620348882534468071270339351030997931957244873046875
-0.020224442113236061613346095100496313534677028656005859375
0.01155888220677287088478113474820929695852100849151611328125
-0.00797316779540832056005772443540990934707224369049072265625
0.0167092889371828028088895479186248849146068096160888671875
0.01644245125613889857429938956556725315749645233154296875
0.04721222514843680106988443867521709762513637542724609375