0.0083889774978160858154296875,0.007343146018683910369873046875,0.0075569436885416507720947265625,0.0078841857612133026123046875,0.007852141745388507843017578125,0.0085710026323795318603515625,0.0071227252483367919921875,0.0090177617967128753662109375,0.007835379801690578460693359375,0.0065233535133302211761474609375,0.0068964506499469280242919921875,0.007232326082885265350341796875,0.0073414645157754421234130859375,0.00679151527583599090576171875
0.0072394669987261295318603515625,0.0066339024342596530914306640625,0.00880131684243679046630859375,0.00769465230405330657958984375,0.0075263152830302715301513671875,0.008193847723305225372314453125,0.0063372575677931308746337890625,0.006234657950699329376220703125,0.007930141873657703399658203125,0.0060879401862621307373046875,0.0089682154357433319091796875,0.008048712275922298431396484375,0.005925378762185573577880859375,0.00816944427788257598876953125
0.007938169874250888824462890625,0.0072638229466974735260009765625,0.0083444416522979736328125,0.00810836441814899444580078125,0.008746258914470672607421875,0.008514390327036380767822265625,0.0074138813652098178863525390625,0.008049349300563335418701171875,0.00821254588663578033447265625,0.008594005368649959564208984375,0.008112764917314052581787109375,0.006470811553299427032470703125,0.0081562511622905731201171875,0.00833909399807453155517578125
0.008156470023095607757568359375,0.0072327074594795703887939453125,0.0071617835201323032379150390625,0.008012185804545879364013671875,0.0077919014729559421539306640625,0.00920545496046543121337890625,0.00655531324446201324462890625,0.0093021355569362640380859375,0.006795459426939487457275390625,0.0077754217199981212615966796875,0.009790758602321147918701171875,0.0071880682371556758880615234375,0.0077774110250174999237060546875,0.008153527043759822845458984375
0.008759954012930393218994140625,0.00787237472832202911376953125,0.0074783568270504474639892578125,0.007970207370817661285400390625,0.0075460211373865604400634765625,0.007344636134803295135498046875,0.0071756108663976192474365234375,0.0058005913160741329193115234375,0.008054472506046295166015625,0.0068846573121845722198486328125,0.006695128977298736572265625,0.00925588421523571014404296875,0.009132771752774715423583984375,0.00990560837090015411376953125
0.0094536133110523223876953125,0.00882594846189022064208984375,0.008104900829493999481201171875,0.0054325549863278865814208984375,0.008440869860351085662841796875,0.007820135913789272308349609375,0.008680067025125026702880859375,0.007072039879858493804931640625,0.0088910199701786041259765625,0.007392981089651584625244140625,0.006305332295596599578857421875,0.00845970772206783294677734375,0.006791652180254459381103515625,0.008601431734859943389892578125
0.007629330269992351531982421875,0.00850937701761722564697265625,0.00938221998512744903564453125,0.0077499053440988063812255859375,0.0073621557094156742095947265625,0.006915782578289508819580078125,0.009045082144439220428466796875,0.0067340694367885589599609375,0.0076078264974057674407958984375,0.007039849646389484405517578125,0.009289653040468692779541015625,0.0077538783662021160125732421875,0.008273008279502391815185546875,0.009309961460530757904052734375
0.007752868346869945526123046875,0.00794907100498676300048828125,0.007827742956578731536865234375,0.008949036709964275360107421875,0.00820671021938323974609375,0.0076889232732355594635009765625,0.00782635249197483062744140625,0.008271402679383754730224609375,0.008745576255023479461669921875,0.0061729736626148223876953125,0.0069389655254781246185302734375,0.0076748835854232311248779296875,0.007269375026226043701171875,0.0075645088218152523040771484375
0.0073654581792652606964111328125,0.0075561995618045330047607421875,0.008759955875575542449951171875,0.009140745736658573150634765625,0.0089328102767467498779296875,0.0076441741548478603363037109375,0.0077327112667262554168701171875,0.00793785043060779571533203125,0.005976312793791294097900390625,0.00852206535637378692626953125,0.0063833943568170070648193359375,0.008653840981423854827880859375,0.007998361252248287200927734375,0.00778246484696865081787109375
0.0086293928325176239013671875,0.007914411835372447967529296875,0.0072293528355658054351806640625,0.0073230764828622341156005859375,0.00724387727677822113037109375,0.00793586485087871551513671875,0.0076811122708022594451904296875,0.008558860979974269866943359375,0.0061505283229053020477294921875,0.0073223649524152278900146484375,0.0076073003001511096954345703125,0.00798719935119152069091796875,0.00854980759322643280029296875,0.007334024645388126373291015625
0.0069497083313763141632080078125,0.008563506416976451873779296875,0.008313293568789958953857421875,0.006184839643537998199462890625,0.008084238506853580474853515625,0.008141295053064823150634765625,0.007979638874530792236328125,0.0064550004899501800537109375,0.00879108905792236328125,0.008838607929646968841552734375,0.009112193249166011810302734375,0.00828645192086696624755859375,0.008158183656632900238037109375,0.006827072240412235260009765625
0.009323324076831340789794921875,0.00776533596217632293701171875,0.007849768735468387603759765625,0.0075700394809246063232421875,0.0073260716162621974945068359375,0.0058737699873745441436767578125,0.008965178392827510833740234375,0.007893585599958896636962890625,0.007982992567121982574462890625,0.00816276110708713531494140625,0.008750318549573421478271484375,0.007714082486927509307861328125,0.00824896991252899169921875,0.008744806982576847076416015625
0.0077398489229381084442138671875,0.0076455245725810527801513671875,0.008023952133953571319580078125,0.0066604888997972011566162109375,0.005993234924972057342529296875,0.008693459443747997283935546875,0.008430871181190013885498046875,0.0079047419130802154541015625,0.006591369397938251495361328125,0.008231232874095439910888671875,0.008365948684513568878173828125,0.00703326426446437835693359375,0.007254823110997676849365234375,0.0063536730594933032989501953125
0.0075865569524466991424560546875,0.00879546441137790679931640625,0.00785325653851032257080078125,0.008089266717433929443359375,0.008210250176489353179931640625,0.00913322530686855316162109375,0.008727989159524440765380859375,0.008151573128998279571533203125,0.008123303763568401336669921875,0.008350179530680179595947265625,0.007923823781311511993408203125,0.007106523029506206512451171875,0.00844310410320758819580078125,0.00805089809000492095947265625
0.008455132134258747100830078125,0.0077587342821061611175537109375,0.006637020967900753021240234375,0.008273395709693431854248046875,0.007342814467847347259521484375,0.0076442728750407695770263671875,0.00653797574341297149658203125,0.007608530111610889434814453125,0.008176797069609165191650390625,0.007956906221807003021240234375,0.00780756771564483642578125,0.00728547014296054840087890625,0.008066973648965358734130859375,0.008455558679997920989990234375
0.0059729130007326602935791015625,0.0075153200887143611907958984375,0.008425124920904636383056640625,0.0079911164939403533935546875,0.00830129347741603851318359375,0.006899929605424404144287109375,0.0076205730438232421875,0.006019230000674724578857421875,0.00773225910961627960205078125,0.0073271444998681545257568359375,0.0069682034663856029510498046875,0.008253489620983600616455078125,0.00898343510925769805908203125,0.0076516722328960895538330078125
0.0072949789464473724365234375,0.008302276022732257843017578125,0.008747004903852939605712890625,0.00752037577331066131591796875,0.0078159011900424957275390625,0.00755496136844158172607421875,0.006552687846124172210693359375,0.007221530191600322723388671875,0.008054740726947784423828125,0.008098932914435863494873046875,0.0064948177896440029144287109375,0.0088348723948001861572265625,0.007819733582437038421630859375,0.00833021663129329681396484375
0.00678017549216747283935546875,0.007866186089813709259033203125,0.00822092406451702117919921875,0.00783238001167774200439453125,0.008698678575456142425537109375,0.00877383910119533538818359375,0.0066668703220784664154052734375,0.008196896873414516448974609375,0.0069981222040951251983642578125,0.0077284858562052249908447265625,0.0070367553271353244781494140625,0.0076364562846720218658447265625,0.0075463573448359966278076171875,0.007872053422033786773681640625
0.0080375038087368011474609375,0.0077367066405713558197021484375,0.008073545061051845550537109375,0.008308720774948596954345703125,0.00787406601011753082275390625,0.0080957598984241485595703125,0.00862992368638515472412109375,0.009107746183872222900390625,0.007697321474552154541015625,0.008586798794567584991455078125,0.0072489990852773189544677734375,0.007937802933156490325927734375,0.007947293110191822052001953125,0.007700326852500438690185546875
0.0067339725792407989501953125,0.0075137703679502010345458984375,0.008749659173190593719482421875,0.00614203326404094696044921875,0.008113267831504344940185546875,0.00802931003272533416748046875,0.00568463467061519622802734375,0.00622923485934734344482421875,0.008341669104993343353271484375,0.008218231610953807830810546875,0.0079702399671077728271484375,0.00873673893511295318603515625,0.00658006034791469573974609375,0.0063397898338735103607177734375
0.007803122512996196746826171875,0.007074929773807525634765625,0.008939354680478572845458984375,0.00809389911592006683349609375,0.00745849497616291046142578125,0.009013456292450428009033203125,0.0074048168025910854339599609375,0.008066815324127674102783203125,0.0075870938599109649658203125,0.00807682983577251434326171875,0.008902416564524173736572265625,0.0075582540594041347503662109375,0.008444911800324916839599609375,0.007604342885315418243408203125
0.007906095124781131744384765625,0.009115077555179595947265625,0.008487693965435028076171875,0.0077793500386178493499755859375,0.008487306535243988037109375,0.0084580481052398681640625,0.008524061180651187896728515625,0.008914169855415821075439453125,0.0074172117747366428375244140625,0.007028752006590366363525390625,0.0075202058069407939910888671875,0.0067463810555636882781982421875,0.006278212182223796844482421875,0.00871806032955646514892578125
0.00886684842407703399658203125,0.0074637844227254390716552734375,0.00769660808145999908447265625,0.00768841989338397979736328125,0.007828169502317905426025390625,0.0079158954322338104248046875,0.008182429708540439605712890625,0.008329848758876323699951171875,0.0073213125579059123992919921875,0.00645299069583415985107421875,0.00855433754622936248779296875,0.008035699836909770965576171875,0.0071826688945293426513671875,0.00837465934455394744873046875
0.008204345591366291046142578125,0.0077671953476965427398681640625,0.008904899470508098602294921875,0.007774307392537593841552734375,0.00858853943645954132080078125,0.0066093732602894306182861328125,0.0073448312468826770782470703125,0.0076507437042891979217529296875,0.007969605736434459686279296875,0.009237327612936496734619140625,0.0078712441027164459228515625,0.0072038047946989536285400390625,0.0075636147521436214447021484375,0.008415843360126018524169921875
0.007073526270687580108642578125,0.0091060064733028411865234375,0.0074333040975034236907958984375,0.009291241876780986785888671875,0.0077074537985026836395263671875,0.0076319319196045398712158203125,0.006871816702187061309814453125,0.008122599683701992034912109375,0.0071894037537276744842529296875,0.006881065666675567626953125,0.0064089489169418811798095703125,0.007767227478325366973876953125,0.0082130096852779388427734375,0.008194611407816410064697265625
0.00751960091292858123779296875,0.008892041631042957305908203125,0.006759871728718280792236328125,0.008222542703151702880859375,0.007148521952331066131591796875,0.00777379982173442840576171875,0.008395717479288578033447265625,0.0068773883394896984100341796875,0.008001054637134075164794921875,0.00847581587731838226318359375,0.007695267908275127410888671875,0.0064980094321072101593017578125,0.008967435918748378753662109375,0.00856889970600605010986328125
0.008330042473971843719482421875,0.007385474629700183868408203125,0.009123362600803375244140625,0.00803790800273418426513671875,0.00824682973325252532958984375,0.0072760996408760547637939453125,0.009130476973950862884521484375,0.007850679568946361541748046875,0.0074152611196041107177734375,0.0069473548792302608489990234375,0.0069785392843186855316162109375,0.0070117823779582977294921875,0.008068394847214221954345703125,0.0062429052777588367462158203125
0.0093136094510555267333984375,0.0079618804156780242919921875,0.009144333191215991973876953125,0.0073000765405595302581787109375,0.008191178552806377410888671875,0.00882437266409397125244140625,0.0071459277532994747161865234375,0.007097442634403705596923828125,0.0076263062655925750732421875,0.007101451046764850616455078125,0.007547632791101932525634765625,0.007907441817224025726318359375,0.007338650524616241455078125,0.0073840580880641937255859375
0.00867114961147308349609375,0.0077706561423838138580322265625,0.008475317619740962982177734375,0.008218566887080669403076171875,0.007261714898049831390380859375,0.0075247199274599552154541015625,0.008548476733267307281494140625,0.007873228751122951507568359375,0.0073402556590735912322998046875,0.00645856559276580810546875,0.0081709958612918853759765625,0.007665294222533702850341796875,0.0080406479537487030029296875,0.008095531724393367767333984375
0.00799875147640705108642578125,0.00834188051521778106689453125,0.00823985971510410308837890625,0.00838846154510974884033203125,0.00786541961133480072021484375,0.00717230327427387237548828125,0.008026008494198322296142578125,0.0076613114215433597564697265625,0.0065823276527225971221923828125,0.0072897220961749553680419921875,0.0063521447591483592987060546875,0.0073454608209431171417236328125,0.008570943959057331085205078125,0.0087004266679286956787109375
0.00896046124398708343505859375,0.0072062383405864238739013671875,0.00811511464416980743408203125,0.00790478475391864776611328125,0.00767953135073184967041015625,0.0078550837934017181396484375,0.0076477290131151676177978515625,0.00967820920050144195556640625,0.0070156934671103954315185546875,0.008674067445099353790283203125,0.007513292133808135986328125,0.007429934106767177581787109375,0.0075791818089783191680908203125,0.009779755957424640655517578125
0.007797774858772754669189453125,0.0078883655369281768798828125,0.008881763555109500885009765625,0.0088376812636852264404296875,0.0075883152894675731658935546875,0.009539593942463397979736328125,0.008345863781869411468505859375,0.0077309310436248779296875,0.00851328857243061065673828125,0.007021552883088588714599609375,0.008268312551081180572509765625,0.009322516620159149169921875,0.008463415317237377166748046875,0.0069898902438580989837646484375
0.0068693771027028560638427734375,0.007212876342236995697021484375,0.007856428623199462890625,0.008841297589242458343505859375,0.0055481530725955963134765625,0.007065393961966037750244140625,0.00855100154876708984375,0.0068976576440036296844482421875,0.006992558948695659637451171875,0.0079476200044155120849609375,0.0048880730755627155303955078125,0.00953727029263973236083984375,0.007506904192268848419189453125,0.007317966781556606292724609375
0.0083860456943511962890625,0.008652408607304096221923828125,0.00687795691192150115966796875,0.0070874444209039211273193359375,0.0073536499403417110443115234375,0.00938866101205348968505859375,0.008165200240910053253173828125,0.008048581890761852264404296875,0.0084261707961559295654296875,0.0077849365770816802978515625,0.007562967948615550994873046875,0.0065581160597503185272216796875,0.007213926874101161956787109375,0.008161482401192188262939453125
0.0063884700648486614227294921875,0.0080585442483425140380859375,0.008217942900955677032470703125,0.007827338762581348419189453125,0.0076764342375099658966064453125,0.0069863158278167247772216796875,0.008974661119282245635986328125,0.006657245568931102752685546875,0.00815926678478717803955078125,0.00846183858811855316162109375,0.008411400951445102691650390625,0.01001635752618312835693359375,0.008157164789736270904541015625,0.006870652548968791961669921875
0.006867189891636371612548828125,0.0077804694883525371551513671875,0.008325592614710330963134765625,0.007705601863563060760498046875,0.008290077559649944305419921875,0.00885622389614582061767578125,0.007983959279954433441162109375,0.00692938081920146942138671875,0.005576570518314838409423828125,0.008340187370777130126953125,0.008249740116298198699951171875,0.00791212357580661773681640625,0.006585064344108104705810546875,0.009016123600304126739501953125
0.006826260127127170562744140625,0.008104695938527584075927734375,0.008133225142955780029296875,0.0070267640985548496246337890625,0.0080445818603038787841796875,0.0080606453120708465576171875,0.009104616940021514892578125,0.006930819712579250335693359375,0.00907930545508861541748046875,0.00850586593151092529296875,0.00740414671599864959716796875,0.008203172124922275543212890625,0.008582062087953090667724609375,0.0076213963329792022705078125
0.0074483430944383144378662109375,0.00800436921417713165283203125,0.008154667913913726806640625,0.0076456214301288127899169921875,0.009086635895073413848876953125,0.008825725875794887542724609375,0.009112595580518245697021484375,0.008220133371651172637939453125,0.00847481191158294677734375,0.00819454528391361236572265625,0.00766880996525287628173828125,0.0067554912529885768890380859375,0.007516010664403438568115234375,0.007811487652361392974853515625
0.00664423964917659759521484375,0.00782631337642669677734375,0.0061993324197828769683837890625,0.0089889876544475555419921875,0.008222703821957111358642578125,0.008842249400913715362548828125,0.00974915735423564910888671875,0.00637769885361194610595703125,0.008703955449163913726806640625,0.0077702961862087249755859375,0.00783531367778778076171875,0.008515887893736362457275390625,0.00684100203216075897216796875,0.008608988486230373382568359375
0.008221271447837352752685546875,0.0078095053322613239288330078125,0.0088408999145030975341796875,0.008883769623935222625732421875,0.00706685148179531097412109375,0.008109913207590579986572265625,0.00764071941375732421875,0.0067838509567081928253173828125,0.007192964665591716766357421875,0.0080446787178516387939453125,0.008155227638781070709228515625,0.008697108365595340728759765625,0.00881993956863880157470703125,0.00861785374581813812255859375
0.008124073036015033721923828125,0.0067433719523251056671142578125,0.006535065360367298126220703125,0.0096567384898662567138671875,0.0076449033804237842559814453125,0.0073459581471979618072509765625,0.008995371870696544647216796875,0.007544106803834438323974609375,0.0074548679403960704803466796875,0.007764004170894622802734375,0.009179818443953990936279296875,0.008860166184604167938232421875,0.008415105752646923065185546875,0.00780212879180908203125
0.006880954839289188385009765625,0.0074708969332277774810791015625,0.0076841018162667751312255859375,0.0068138591013848781585693359375,0.0089908540248870849609375,0.00722988508641719818115234375,0.00876241363584995269775390625,0.007840781472623348236083984375,0.0066402475349605083465576171875,0.00815212540328502655029296875,0.007852383889257907867431640625,0.0077162529341876506805419921875,0.0074638067744672298431396484375,0.0073949494399130344390869140625
0.0051770261488854885101318359375,0.006869069300591945648193359375,0.0084187425673007965087890625,0.009999218396842479705810546875,0.00749312527477741241455078125,0.0076530152000486850738525390625,0.00809448771178722381591796875,0.0074792611412703990936279296875,0.0064709098078310489654541015625,0.008756025694310665130615234375,0.009893321432173252105712890625,0.00840851105749607086181640625,0.0066904132254421710968017578125,0.00927124731242656707763671875
0.009511678479611873626708984375,0.0069956802763044834136962890625,0.00747428834438323974609375,0.00684328377246856689453125,0.007192620076239109039306640625,0.0070100971497595310211181640625,0.008853760547935962677001953125,0.007624305784702301025390625,0.0075046531856060028076171875,0.007795018143951892852783203125,0.008634473197162151336669921875,0.0091845691204071044921875,0.008101846091449260711669921875,0.007472586818039417266845703125
0.0084393881261348724365234375,0.006351212970912456512451171875,0.00818763114511966705322265625,0.0070689194835722446441650390625,0.008740668185055255889892578125,0.005480528809130191802978515625,0.007927738130092620849609375,0.0072293602861464023590087890625,0.008133214898407459259033203125,0.007593858055770397186279296875,0.007394938729703426361083984375,0.006916210986673831939697265625,0.00842584483325481414794921875,0.00803185999393463134765625
0.008566656149923801422119140625,0.00907696783542633056640625,0.007238381542265415191650390625,0.006260550580918788909912109375,0.008503784425556659698486328125,0.0067402296699583530426025390625,0.008464370854198932647705078125,0.0065333708189427852630615234375,0.008577644824981689453125,0.00833601318299770355224609375,0.0095374695956707000732421875,0.00615971349179744720458984375,0.0072098397649824619293212890625,0.0076946914196014404296875
0.0077359373681247234344482421875,0.0089683942496776580810546875,0.0093515217304229736328125,0.00711302645504474639892578125,0.006180339492857456207275390625,0.0062384675256907939910888671875,0.0074650845490396022796630859375,0.006661497987806797027587890625,0.007270774804055690765380859375,0.00814806856215000152587890625,0.0082666985690593719482421875,0.006325949914753437042236328125,0.00814850628376007080078125,0.007561760954558849334716796875
0.0098072104156017303466796875,0.010146175511181354522705078125,0.008048810996115207672119140625,0.0077576930634677410125732421875,0.00749841518700122833251953125,0.0072009856812655925750732421875,0.00743583776056766510009765625,0.00891431607306003570556640625,0.0065147825516760349273681640625,0.008573981933295726776123046875,0.006152813322842121124267578125,0.008250347338616847991943359375,0.0064152362756431102752685546875,0.005670069716870784759521484375
0.0085619986057281494140625,0.0064088706858456134796142578125,0.008031182922422885894775390625,0.007948412559926509857177734375,0.0071759358979761600494384765625,0.0078076045028865337371826171875,0.00810399465262889862060546875,0.0067724399268627166748046875,0.007894043810665607452392578125,0.006475289352238178253173828125,0.0075148944742977619171142578125,0.00774309225380420684814453125,0.008209391497075557708740234375,0.00767481327056884765625
0.008181822486221790313720703125,0.00928474403917789459228515625,0.00806714594364166259765625,0.0091582722961902618408203125,0.0070941080339252948760986328125,0.0069592143408954143524169921875,0.008596465922892093658447265625,0.0078102503903210163116455078125,0.008227470330893993377685546875,0.007943334989249706268310546875,0.0078898705542087554931640625,0.007041812874376773834228515625,0.009520431049168109893798828125,0.0077342647127807140350341796875
0.00758809037506580352783203125,0.009542326442897319793701171875,0.0072980481199920177459716796875,0.008129529654979705810546875,0.0050682988949120044708251953125,0.0062962197698652744293212890625,0.010416292585432529449462890625,0.0071599329821765422821044921875,0.008829570375382900238037109375,0.009328662417829036712646484375,0.0080452077090740203857421875,0.0080682300031185150146484375,0.0077902614139020442962646484375,0.008426665328443050384521484375
0.00724569521844387054443359375,0.006487996317446231842041015625,0.00736082904040813446044921875,0.006434581242501735687255859375,0.0073631107807159423828125,0.009070103056728839874267578125,0.0069983382709324359893798828125,0.008363057859241962432861328125,0.008796867914497852325439453125,0.009087194688618183135986328125,0.0063198916614055633544921875,0.007209085859358310699462890625,0.00763413868844509124755859375,0.0085446126759052276611328125
0.007961995899677276611328125,0.0075997984968125820159912109375,0.005211322568356990814208984375,0.0076417033560574054718017578125,0.007662959396839141845703125,0.008761634118854999542236328125,0.007813031785190105438232421875,0.0074411421082913875579833984375,0.007456368766725063323974609375,0.0077544185332953929901123046875,0.0090168155729770660400390625,0.008390891365706920623779296875,0.0066373557783663272857666015625,0.006595292128622531890869140625
0.0072200037539005279541015625,0.00973827205598354339599609375,0.0076683671213686466217041015625,0.006932134740054607391357421875,0.008184659294784069061279296875,0.008039494045078754425048828125,0.007927201688289642333984375,0.0063572316430509090423583984375,0.0075297350995242595672607421875,0.00704587996006011962890625,0.008589445613324642181396484375,0.00864477269351482391357421875,0.0083437524735927581787109375,0.006470945663750171661376953125
0.0069842287339270114898681640625,0.0051124878227710723876953125,0.009121201001107692718505859375,0.007363199256360530853271484375,0.01029564253985881805419921875,0.007408724166452884674072265625,0.0069503192789852619171142578125,0.006799834780395030975341796875,0.006981261074542999267578125,0.006098023615777492523193359375,0.008317963220179080963134765625,0.00760133564472198486328125,0.009522701613605022430419921875,0.0073479567654430866241455078125
0.0082806609570980072021484375,0.007984993048012256622314453125,0.0065950113348662853240966796875,0.0080687217414379119873046875,0.00903423316776752471923828125,0.008033849298954010009765625,0.008262326009571552276611328125,0.0059098633937537670135498046875,0.0079444088041782379150390625,0.007843029685318470001220703125,0.007989384233951568603515625,0.007967357523739337921142578125,0.007976523600518703460693359375,0.006756297312676906585693359375
0.008990394882857799530029296875,0.0074529382400214672088623046875,0.0067982338368892669677734375,0.00850023515522480010986328125,0.008024178445339202880859375,0.00882378406822681427001953125,0.0077730189077556133270263671875,0.008729577995836734771728515625,0.0076527320779860019683837890625,0.00847581960260868072509765625,0.00792679376900196075439453125,0.007478849031031131744384765625,0.00862893648445606231689453125,0.0084329061210155487060546875
0.008856638334691524505615234375,0.0074018822051584720611572265625,0.0084829367697238922119140625,0.0068456805311143398284912109375,0.00863894633948802947998046875,0.00727807916700839996337890625,0.008386927656829357147216796875,0.007912286557257175445556640625,0.00788897834718227386474609375,0.008827661164104938507080078125,0.0065287495963275432586669921875,0.0072934390045702457427978515625,0.008520183153450489044189453125,0.0072252177633345127105712890625
0.0076812137849628925323486328125,0.0081091634929180145263671875,0.0059145479463040828704833984375,0.008258025161921977996826171875,0.0070441253483295440673828125,0.00768269412219524383544921875,0.0073526748456060886383056640625,0.008321098051965236663818359375,0.008147372864186763763427734375,0.008144014514982700347900390625,0.00982384383678436279296875,0.007926709949970245361328125,0.008909218944609165191650390625,0.0072747846134006977081298828125
0.00629870034754276275634765625,0.008193203248083591461181640625,0.007881307043135166168212890625,0.008289678953588008880615234375,0.0073925158940255641937255859375,0.0077395918779075145721435546875,0.0065058884210884571075439453125,0.00834878347814083099365234375,0.008958396501839160919189453125,0.006542655639350414276123046875,0.008796341717243194580078125,0.008650772273540496826171875,0.00684194080531597137451171875,0.007819096557796001434326171875
0.0073419841937720775604248046875,0.0076525495387613773345947265625,0.009194836951792240142822265625,0.008039600215852260589599609375,0.0075108432210981845855712890625,0.0048532481305301189422607421875,0.008750145323574542999267578125,0.007911580614745616912841796875,0.00842713750898838043212890625,0.007914726622402667999267578125,0.0087442062795162200927734375,0.00858676992356777191162109375,0.00719514302909374237060546875,0.008511935360729694366455078125
0.0063969898037612438201904296875,0.00843139551579952239990234375,0.00884072296321392059326171875,0.0077765905298292636871337890625,0.008153100498020648956298828125,0.006721821613609790802001953125,0.008862650953233242034912109375,0.0076797953806817531585693359375,0.008172157220542430877685546875,0.008026062510907649993896484375,0.007796772755682468414306640625,0.0084637291729450225830078125,0.009512820281088352203369140625,0.006896973587572574615478515625
0.0074410331435501575469970703125,0.008163115940988063812255859375,0.0069233477115631103515625,0.007761214859783649444580078125,0.006896364502608776092529296875,0.0073914700187742710113525390625,0.00734583847224712371826171875,0.0080157481133937835693359375,0.007565830834209918975830078125,0.006567546166479587554931640625,0.0075995563529431819915771484375,0.00797836482524871826171875,0.008421055041253566741943359375,0.006506006233394145965576171875
0.007103226147592067718505859375,0.009002045728266239166259765625,0.008695411495864391326904296875,0.0073015405796468257904052734375,0.008707785047590732574462890625,0.008465827442705631256103515625,0.007820437662303447723388671875,0.009475666098296642303466796875,0.0079234726727008819580078125,0.0074763135053217411041259765625,0.008859350346028804779052734375,0.00693142227828502655029296875,0.0077357827685773372650146484375,0.0073601263575255870819091796875
0.0073295435868203639984130859375,0.0078112795017659664154052734375,0.00584380887448787689208984375,0.007980577647686004638671875,0.00745154917240142822265625,0.0076287020929157733917236328125,0.0077844527550041675567626953125,0.007272745482623577117919921875,0.0063855121843516826629638671875,0.00844275951385498046875,0.0067894719541072845458984375,0.0073083392344415187835693359375,0.009346467442810535430908203125,0.007520687766373157501220703125
0.0068331114016473293304443359375,0.00916715897619724273681640625,0.0069301216863095760345458984375,0.007098450325429439544677734375,0.008805592544376850128173828125,0.005836850963532924652099609375,0.00818251632153987884521484375,0.0074572707526385784149169921875,0.0076983026228845119476318359375,0.0080659724771976470947265625,0.00803540833294391632080078125,0.0066938116215169429779052734375,0.008806119672954082489013671875,0.0082615278661251068115234375
0.0062250369228422641754150390625,0.00840236432850360870361328125,0.008087665773928165435791015625,0.0067878398112952709197998046875,0.007340789772570133209228515625,0.00658622570335865020751953125,0.0071467491798102855682373046875,0.006967517547309398651123046875,0.007664802484214305877685546875,0.0082285366952419281005859375,0.0077801756560802459716796875,0.00696470774710178375244140625,0.007523647509515285491943359375,0.0076386225409805774688720703125
0.007318676449358463287353515625,0.00844234414398670196533203125,0.005859789438545703887939453125,0.00761581957340240478515625,0.009331010282039642333984375,0.00862450711429119110107421875,0.0089171640574932098388671875,0.0074943364597856998443603515625,0.00713147781789302825927734375,0.0070899552665650844573974609375,0.0063130608759820461273193359375,0.0072158463299274444580078125,0.009351233951747417449951171875,0.00851266644895076751708984375
0.0080397836863994598388671875,0.006744508631527423858642578125,0.0073153157718479633331298828125,0.00912215746939182281494140625,0.007468604482710361480712890625,0.00876183994114398956298828125,0.008431523106992244720458984375,0.0061563267372548580169677734375,0.008182228542864322662353515625,0.008273965679109096527099609375,0.007962550036609172821044921875,0.0071795317344367504119873046875,0.00821270979940891265869140625,0.008316360414028167724609375
0.0079255960881710052490234375,0.0073066488839685916900634765625,0.008122347295284271240234375,0.006872405298054218292236328125,0.0074770194478332996368408203125,0.007729734294116497039794921875,0.008450262248516082763671875,0.007620946504175662994384765625,0.007510964758694171905517578125,0.008571051061153411865234375,0.00701441429555416107177734375,0.0078016365878283977508544921875,0.0063001946546137332916259765625,0.00670530833303928375244140625
0.007958583533763885498046875,0.008761537261307239532470703125,0.0059467121027410030364990234375,0.0091405026614665985107421875,0.0065579065121710300445556640625,0.007530541159212589263916015625,0.00849884562194347381591796875,0.007353802211582660675048828125,0.008394374512135982513427734375,0.00771515257656574249267578125,0.00740803778171539306640625,0.0077356728725135326385498046875,0.0064214654266834259033203125,0.0078726746141910552978515625
0.00847710110247135162353515625,0.007832258008420467376708984375,0.00784341990947723388671875,0.0077797449193894863128662109375,0.00755213759839534759521484375,0.0074877287261188030242919921875,0.0077581270597875118255615234375,0.00831096805632114410400390625,0.008034094236791133880615234375,0.00852404534816741943359375,0.0078197680413722991943359375,0.0085620842874050140380859375,0.007553576491773128509521484375,0.008427326567471027374267578125
0.007671938277781009674072265625,0.00750053860247135162353515625,0.00792579911649227142333984375,0.00878809392452239990234375,0.0071752346120774745941162109375,0.0081600844860076904296875,0.00804600678384304046630859375,0.0086847804486751556396484375,0.009032377041876316070556640625,0.0072692600078880786895751953125,0.007578703574836254119873046875,0.0075955227948725223541259765625,0.007673499174416065216064453125,0.008918548934161663055419921875
0.0082927979528903961181640625,0.0085357837378978729248046875,0.0072617712430655956268310546875,0.006256313063204288482666015625,0.008889995515346527099609375,0.00805630348622798919677734375,0.0066288043744862079620361328125,0.007151029072701930999755859375,0.007577751763164997100830078125,0.008985633961856365203857421875,0.0077532739378511905670166015625,0.00686793215572834014892578125,0.010130313225090503692626953125,0.0072647747583687305450439453125
0.007442551665008068084716796875,0.007474355399608612060546875,0.0078145451843738555908203125,0.008041925728321075439453125,0.0068263900466263294219970703125,0.0064773806370794773101806640625,0.00769562460482120513916015625,0.007793678902089595794677734375,0.007542441599071025848388671875,0.008852177299559116363525390625,0.0073860394768416881561279296875,0.00650578178465366363525390625,0.00863011740148067474365234375,0.00744877569377422332763671875
0.0072905621491372585296630859375,0.008262031711637973785400390625,0.00925113074481487274169921875,0.0080811977386474609375,0.0073640798218548297882080078125,0.0076853684149682521820068359375,0.009129299782216548919677734375,0.0072133806534111499786376953125,0.007875856943428516387939453125,0.0074485731311142444610595703125,0.0068459915928542613983154296875,0.0069391806609928607940673828125,0.0071287029422819614410400390625,0.007735334336757659912109375
0.008167746476829051971435546875,0.007434475235641002655029296875,0.008460060693323612213134765625,0.0072442400269210338592529296875,0.0072447392158210277557373046875,0.006997934542596340179443359375,0.0076090432703495025634765625,0.008654712699353694915771484375,0.006978184916079044342041015625,0.0083107165992259979248046875,0.007904513739049434661865234375,0.00935329683125019073486328125,0.009349010884761810302734375,0.00790764577686786651611328125
0.00809315033257007598876953125,0.0071141016669571399688720703125,0.0074528544209897518157958984375,0.006245265714824199676513671875,0.0073678358457982540130615234375,0.008517309091985225677490234375,0.0084203965961933135986328125,0.0087587647140026092529296875,0.0090758018195629119873046875,0.007697944529354572296142578125,0.008637753315269947052001953125,0.0073637147434055805206298828125,0.0090790800750255584716796875,0.007602863945066928863525390625
0.0059525631368160247802734375,0.006592251360416412353515625,0.00690636225044727325439453125,0.008407576940953731536865234375,0.007438655011355876922607421875,0.0080666728317737579345703125,0.007596292532980442047119140625,0.009175152517855167388916015625,0.007112723775207996368408203125,0.00904386304318904876708984375,0.006882802583277225494384765625,0.007944243960082530975341796875,0.0077107674442231655120849609375,0.00817559845745563507080078125
0.008098865859210491180419921875,0.00816251151263713836669921875,0.0073168068192899227142333984375,0.007832159288227558135986328125,0.0086556859314441680908203125,0.007886939682066440582275390625,0.007882654666900634765625,0.0082033909857273101806640625,0.0095021687448024749755859375,0.0076351645402610301971435546875,0.0074561261571943759918212890625,0.009351051412522792816162109375,0.00763175822794437408447265625,0.0073978616856038570404052734375
0.009118751622736454010009765625,0.007522634230554103851318359375,0.00639148615300655364990234375,0.006825606338679790496826171875,0.00888221152126789093017578125,0.0071750641800463199615478515625,0.0079365074634552001953125,0.007370159961283206939697265625,0.0075930017046630382537841796875,0.008611817844212055206298828125,0.0074550919234752655029296875,0.007952622137963771820068359375,0.0069709927774965763092041015625,0.008560865186154842376708984375
0.007669859565794467926025390625,0.008763122372329235076904296875,0.00693670846521854400634765625,0.0067888568155467510223388671875,0.008266271091997623443603515625,0.008689840324223041534423828125,0.007675133645534515380859375,0.00831544958055019378662109375,0.009339516051113605499267578125,0.007179184816777706146240234375,0.00791646353900432586669921875,0.008189191110432147979736328125,0.0075334473513066768646240234375,0.00792218558490276336669921875
0.006656029261648654937744140625,0.00689706392586231231689453125,0.0076105506159365177154541015625,0.0068688024766743183135986328125,0.00878724269568920135498046875,0.0100603140890598297119140625,0.0077146585099399089813232421875,0.0064065172336995601654052734375,0.009268130175769329071044921875,0.00692215375602245330810546875,0.007981958799064159393310546875,0.007484144531190395355224609375,0.008116415701806545257568359375,0.009961337782442569732666015625
0.0074943485669791698455810546875,0.009280488826334476470947265625,0.005572435446083545684814453125,0.008263970725238323211669921875,0.007689966820180416107177734375,0.007346763275563716888427734375,0.00838560424745082855224609375,0.0070415628142654895782470703125,0.006623041816055774688720703125,0.008625474758446216583251953125,0.008794230408966541290283203125,0.00748163275420665740966796875,0.008491535671055316925048828125,0.008806445635855197906494140625
0.008517655543982982635498046875,0.0076005659066140651702880859375,0.0068475645966827869415283203125,0.006679746322333812713623046875,0.0071548507548868656158447265625,0.008433167822659015655517578125,0.0067611611448228359222412109375,0.0074687930755317211151123046875,0.008096718229353427886962890625,0.0061951461248099803924560546875,0.007685584016144275665283203125,0.008962267078459262847900390625,0.008515057153999805450439453125,0.007115066982805728912353515625
0.007481978274881839752197265625,0.008917839266359806060791015625,0.008002025075256824493408203125,0.00869340263307094573974609375,0.0074704219587147235870361328125,0.008105020038783550262451171875,0.007795802317559719085693359375,0.007935860194265842437744140625,0.0071138702332973480224609375,0.0097081325948238372802734375,0.0077353301458060741424560546875,0.0083773471415042877197265625,0.0081701688468456268310546875,0.00793765671551227569580078125
0.008124171756207942962646484375,0.0060016638599336147308349609375,0.008228405378758907318115234375,0.0077103078365325927734375,0.0071339490823447704315185546875,0.008186481893062591552734375,0.0084439478814601898193359375,0.0072590257041156291961669921875,0.007324689067900180816650390625,0.008423785679042339324951171875,0.006922072730958461761474609375,0.0064021148718893527984619140625,0.0071010948158800601959228515625,0.00682261027395725250244140625
0.00713510625064373016357421875,0.00847309269011020660400390625,0.006371214054524898529052734375,0.009030646644532680511474609375,0.0076170503161847591400146484375,0.00798759795725345611572265625,0.007130368612706661224365234375,0.006332137621939182281494140625,0.00806836783885955810546875,0.00802918709814548492431640625,0.00783919356763362884521484375,0.009366790764033794403076171875,0.0072480388917028903961181640625,0.00727370195090770721435546875
0.0069104633294045925140380859375,0.00759679265320301055908203125,0.009340123273432254791259765625,0.0070035862736403942108154296875,0.0065448842942714691162109375,0.00666265189647674560546875,0.007830369286239147186279296875,0.007970146834850311279296875,0.008274073712527751922607421875,0.008372531272470951080322265625,0.00767910666763782501220703125,0.008322940208017826080322265625,0.006855048239231109619140625,0.0076998504810035228729248046875
0.00764989294111728668212890625,0.0066933999769389629364013671875,0.007837482728064060211181640625,0.0073370602913200855255126953125,0.008521690033376216888427734375,0.00851367600262165069580078125,0.006975588388741016387939453125,0.00743053667247295379638671875,0.0067784972488880157470703125,0.0074255876243114471435546875,0.00710203684866428375244140625,0.0075604780577123165130615234375,0.0070566260255873203277587890625,0.008604693226516246795654296875
0.00711570493876934051513671875,0.0069942004047334194183349609375,0.00825645029544830322265625,0.00795093737542629241943359375,0.0070552863180637359619140625,0.006617427803575992584228515625,0.008120544254779815673828125,0.0075934492051601409912109375,0.0076291612349450588226318359375,0.0079522989690303802490234375,0.0074595757760107517242431640625,0.007977998815476894378662109375,0.0073035550303757190704345703125,0.009056129492819309234619140625
0.005572018213570117950439453125,0.0080394558608531951904296875,0.0084343589842319488525390625,0.008026142604649066925048828125,0.007242503575980663299560546875,0.0071735046803951263427734375,0.00799314491450786590576171875,0.006702058017253875732421875,0.00846369005739688873291015625,0.0067988731898367404937744140625,0.00686785764992237091064453125,0.0070529622025787830352783203125,0.0077115581370890140533447265625,0.0077444580383598804473876953125
0.00815417431294918060302734375,0.0057053901255130767822265625,0.007878904230892658233642578125,0.00854431651532649993896484375,0.00782497785985469818115234375,0.009584627114236354827880859375,0.0080315284430980682373046875,0.0069654188118875026702880859375,0.008410184644162654876708984375,0.008459602482616901397705078125,0.0074948486872017383575439453125,0.007698194123804569244384765625,0.0076689161360263824462890625,0.0086933039128780364990234375
0.0083639323711395263671875,0.006930797360837459564208984375,0.00858977995812892913818359375,0.00910176150500774383544921875,0.00847611017525196075439453125,0.0077679641544818878173828125,0.00785788707435131072998046875,0.008192546665668487548828125,0.0075360569171607494354248046875,0.00854814983904361724853515625,0.00787287391722202301025390625,0.008303771726787090301513671875,0.0052465121261775493621826171875,0.007507498376071453094482421875
0.008115169592201709747314453125,0.0073436149396002292633056640625,0.006351142190396785736083984375,0.00731065683066844940185546875,0.006702147424221038818359375,0.00767352990806102752685546875,0.008196675218641757965087890625,0.0088190138339996337890625,0.0075070224702358245849609375,0.008122081868350505828857421875,0.008496851660311222076416015625,0.008669464848935604095458984375,0.007634631358087062835693359375,0.00807564891874790191650390625
0.0076325437985360622406005859375,0.00854068063199520111083984375,0.0058826864697039127349853515625,0.00654545612633228302001953125,0.0077362111769616603851318359375,0.006320607848465442657470703125,0.00839556194841861724853515625,0.0078026573173701763153076171875,0.007778325118124485015869140625,0.008990525268018245697021484375,0.0071027134545147418975830078125,0.007817871868610382080078125,0.008704313077032566070556640625,0.00893739052116870880126953125
0.0061913398094475269317626953125,0.007520469836890697479248046875,0.00738583691418170928955078125,0.0060023642145097255706787109375,0.0087076760828495025634765625,0.00792557932436466217041015625,0.00790648348629474639892578125,0.008774467743933200836181640625,0.00905835628509521484375,0.0074338777922093868255615234375,0.00849008373916149139404296875,0.006915667094290256500244140625,0.0073413900099694728851318359375,0.008104137144982814788818359375
0.0072368723340332508087158203125,0.0075011015869677066802978515625,0.00856456719338893890380859375,0.00868281163275241851806640625,0.009809478186070919036865234375,0.007464016787707805633544921875,0.00861073099076747894287109375,0.008434074930846691131591796875,0.0071239233948290348052978515625,0.00698864646255970001220703125,0.0076304464600980281829833984375,0.00646086223423480987548828125,0.0076664988882839679718017578125,0.0071877012960612773895263671875
0.00884784199297428131103515625,0.0064541161991655826568603515625,0.00691998936235904693603515625,0.0072221457958221435546875,0.00838287174701690673828125,0.007836350239813327789306640625,0.0069130002520978450775146484375,0.007491585798561573028564453125,0.00601241923868656158447265625,0.0075748567469418048858642578125,0.007030432112514972686767578125,0.00798763334751129150390625,0.00813610665500164031982421875,0.0077832527458667755126953125
0.007216480560600757598876953125,0.007263497449457645416259765625,0.00862980075180530548095703125,0.0064371577464044094085693359375,0.0068808435462415218353271484375,0.0081546790897846221923828125,0.00643939711153507232666015625,0.0061584101058542728424072265625,0.009160362184047698974609375,0.007855252362787723541259765625,0.00738457776606082916259765625,0.008794181980192661285400390625,0.008244276978075504302978515625,0.0065215281210839748382568359375
0.0086557827889919281005859375,0.008578781969845294952392578125,0.009298055432736873626708984375,0.0067849070765078067779541015625,0.0064920536242425441741943359375,0.0084159784018993377685546875,0.0084634460508823394775390625,0.007436198182404041290283203125,0.008451609872281551361083984375,0.008342021144926548004150390625,0.0066234921105206012725830078125,0.008780606091022491455078125,0.0077964402735233306884765625,0.0064856563694775104522705078125
0.008375964127480983734130859375,0.0066846273839473724365234375,0.009113368578255176544189453125,0.0067474669776856899261474609375,0.0085387639701366424560546875,0.0071632419712841510772705078125,0.005966007709503173828125,0.008355803787708282470703125,0.010587242431938648223876953125,0.008793736808001995086669921875,0.007903057150542736053466796875,0.0066033564507961273193359375,0.007365502417087554931640625,0.00843770243227481842041015625
0.008616390638053417205810546875,0.008000890724360942840576171875,0.0072060371749103069305419921875,0.0068573937751352787017822265625,0.010419783182442188262939453125,0.0063550756312906742095947265625,0.007145845331251621246337890625,0.00846610777080059051513671875,0.007804156281054019927978515625,0.008543769828975200653076171875,0.00780552811920642852783203125,0.01015557907521724700927734375,0.008170611225068569183349609375,0.007129876874387264251708984375
0.008264028467237949371337890625,0.008354016579687595367431640625,0.00656648166477680206298828125,0.00838244520127773284912109375,0.0076195509172976016998291015625,0.0070440103299915790557861328125,0.0065535535104572772979736328125,0.0070884232409298419952392578125,0.008318879641592502593994140625,0.009001393802464008331298828125,0.009199990890920162200927734375,0.008246655575931072235107421875,0.0069633009843528270721435546875,0.00787080638110637664794921875
0.00738546438515186309814453125,0.00829784572124481201171875,0.008374066092073917388916015625,0.008230867795646190643310546875,0.0072964183054864406585693359375,0.007888103835284709930419921875,0.0057950108312070369720458984375,0.008286445401608943939208984375,0.0057392301969230175018310546875,0.0089015066623687744140625,0.0072137615643441677093505859375,0.007214971818029880523681640625,0.00693704187870025634765625,0.0080341212451457977294921875
0.008079640567302703857421875,0.008312292397022247314453125,0.00678896345198154449462890625,0.00961208902299404144287109375,0.007350184023380279541015625,0.008402203209698200225830078125,0.007903004996478557586669921875,0.00773390196263790130615234375,0.007453049533069133758544921875,0.0079615078866481781005859375,0.008797728456556797027587890625,0.00879522971808910369873046875,0.008889426477253437042236328125,0.008499524556100368499755859375
0.0062507125549018383026123046875,0.007738047279417514801025390625,0.0069620995782315731048583984375,0.008030294440686702728271484375,0.007238312624394893646240234375,0.008854561485350131988525390625,0.00839600153267383575439453125,0.0072644739411771297454833984375,0.008261288516223430633544921875,0.008624573238193988800048828125,0.007489688694477081298828125,0.008849428035318851470947265625,0.008174451999366283416748046875,0.0077658365480601787567138671875
0.008366263471543788909912109375,0.007034920156002044677734375,0.007886461913585662841796875,0.006654285825788974761962890625,0.00810001790523529052734375,0.007211646996438503265380859375,0.0065548666752874851226806640625,0.008058409206569194793701171875,0.00691466219723224639892578125,0.0075879371725022792816162109375,0.0065552950836718082427978515625,0.0088837780058383941650390625,0.008129098452627658843994140625,0.0069845435209572315216064453125
0.00786588899791240692138671875,0.0061321728862822055816650390625,0.007823534309864044189453125,0.0069595356471836566925048828125,0.0072945742867887020111083984375,0.0061428132466971874237060546875,0.008405274711549282073974609375,0.0065217702649533748626708984375,0.008338863961398601531982421875,0.00766688771545886993408203125,0.0065680234692990779876708984375,0.0072468961589038372039794921875,0.0072158905677497386932373046875,0.00868131406605243682861328125
0.0075128735043108463287353515625,0.0074838497675955295562744140625,0.00801434554159641265869140625,0.0076971934176981449127197265625,0.009532547555863857269287109375,0.008744604885578155517578125,0.007218795828521251678466796875,0.008486799895763397216796875,0.007184949703514575958251953125,0.007716105319559574127197265625,0.0080976895987987518310546875,0.008776101283729076385498046875,0.009576090611517429351806640625,0.0075109028257429599761962890625
0.007886155508458614349365234375,0.00855675525963306427001953125,0.008697889745235443115234375,0.006607859395444393157958984375,0.0073489756323397159576416015625,0.0060334638692438602447509765625,0.0066093043424189090728759765625,0.0072420504875481128692626953125,0.008730313740670680999755859375,0.0066199130378663539886474609375,0.0067417784593999385833740234375,0.00828905403614044189453125,0.0075224698521196842193603515625,0.0072218975983560085296630859375
0.0083493404090404510498046875,0.006083329208195209503173828125,0.006908127106726169586181640625,0.00940820388495922088623046875,0.008083569817245006561279296875,0.005898240022361278533935546875,0.0062923557125031948089599609375,0.00743616558611392974853515625,0.00877309031784534454345703125,0.007546939887106418609619140625,0.0080454237759113311767578125,0.0060285362415015697479248046875,0.008145705796778202056884765625,0.006768005900084972381591796875
0.0078003960661590099334716796875,0.00804243795573711395263671875,0.008421811275184154510498046875,0.0075042699463665485382080078125,0.009268601424992084503173828125,0.008834053762257099151611328125,0.0071779056452214717864990234375,0.007908529601991176605224609375,0.006817410700023174285888671875,0.006898566149175167083740234375,0.007357674650847911834716796875,0.007132754661142826080322265625,0.008953883312642574310302734375,0.0103813894093036651611328125
0.0077778226695954799652099609375,0.007323780097067356109619140625,0.0076274578459560871124267578125,0.0060204272158443927764892578125,0.00848486460745334625244140625,0.007861549966037273406982421875,0.008029703982174396514892578125,0.007863339968025684356689453125,0.008102533407509326934814453125,0.0075253541581332683563232421875,0.00891269184648990631103515625,0.008967832662165164947509765625,0.0049472753889858722686767578125,0.0059110294096171855926513671875
0.009512913413345813751220703125,0.008323824964463710784912109375,0.009484522975981235504150390625,0.0086331553757190704345703125,0.008234150707721710205078125,0.0068569816648960113525390625,0.0072596161626279354095458984375,0.00863528810441493988037109375,0.0070026735775172710418701171875,0.008037273772060871124267578125,0.0062816389836370944976806640625,0.00806148163974285125732421875,0.0074979732744395732879638671875,0.008410883136093616485595703125
0.006694662384688854217529296875,0.008488051593303680419921875,0.006522764451801776885986328125,0.0074318735860288143157958984375,0.0064290543086826801300048828125,0.008260647766292095184326171875,0.00851013325154781341552734375,0.0069496235810220241546630859375,0.00865286774933338165283203125,0.00765968672931194305419921875,0.007620011456310749053955078125,0.008786968886852264404296875,0.009066428057849407196044921875,0.0073682181537151336669921875
0.0064648813568055629730224609375,0.00897973962128162384033203125,0.00984068773686885833740234375,0.008855593390762805938720703125,0.00945232249796390533447265625,0.00932242535054683685302734375,0.007555176503956317901611328125,0.008403667248785495758056640625,0.00807959027588367462158203125,0.008256888948380947113037109375,0.00827483274042606353759765625,0.0071670855395495891571044921875,0.007975998334586620330810546875,0.00835968367755413055419921875
0.007941431365907192230224609375,0.00693186931312084197998046875,0.0084290802478790283203125,0.0067683258093893527984619140625,0.0076481825672090053558349609375,0.0072905705310404300689697265625,0.00757724978029727935791015625,0.00864372961223125457763671875,0.0076025226153433322906494140625,0.0076393201015889644622802734375,0.00807352177798748016357421875,0.00865917466580867767333984375,0.0084207244217395782470703125,0.007987299002707004547119140625
0.006698790006339550018310546875,0.0076678735204041004180908203125,0.00795753858983516693115234375,0.007908396422863006591796875,0.0095711462199687957763671875,0.008678591810166835784912109375,0.0070882397703826427459716796875,0.006072227843105792999267578125,0.0072546754963696002960205078125,0.00838735885918140411376953125,0.00855363346636295318603515625,0.0078851878643035888671875,0.007971064187586307525634765625,0.005519521422684192657470703125
0.007927238009870052337646484375,0.007836177013814449310302734375,0.00736200623214244842529296875,0.009514742530882358551025390625,0.0076546776108443737030029296875,0.0079308710992336273193359375,0.00787423551082611083984375,0.006372391246259212493896484375,0.00864054076373577117919921875,0.0071490318514406681060791015625,0.00705097615718841552734375,0.0092108212411403656005859375,0.007808889262378215789794921875,0.00802045129239559173583984375
0.008041775785386562347412109375,0.0069342288188636302947998046875,0.008132646791636943817138671875,0.00896184332668781280517578125,0.0083490349352359771728515625,0.008338846266269683837890625,0.00707152299582958221435546875,0.00731947831809520721435546875,0.008968395181000232696533203125,0.0070134908892214298248291015625,0.007072961889207363128662109375,0.0071209780871868133544921875,0.0071708546020090579986572265625,0.007031208835542201995849609375
0.0069398172199726104736328125,0.007437380962073802947998046875,0.0081916563212871551513671875,0.009329135529696941375732421875,0.0074010076932609081268310546875,0.00817487202584743499755859375,0.0077945790253579616546630859375,0.00907046161592006683349609375,0.009793971665203571319580078125,0.008382611908018589019775390625,0.0054029659368097782135009765625,0.0070285550318658351898193359375,0.00851817615330219268798828125,0.0077463020570576190948486328125
0.008206847123801708221435546875,0.00872778333723545074462890625,0.008237314410507678985595703125,0.0069341962225735187530517578125,0.008365494199097156524658203125,0.00730520673096179962158203125,0.0072643910534679889678955078125,0.0071450285613536834716796875,0.008145893923938274383544921875,0.008410430513322353363037109375,0.007821329869329929351806640625,0.00939986295998096466064453125,0.007536158896982669830322265625,0.0067919143475592136383056640625
0.007422846741974353790283203125,0.008376468904316425323486328125,0.00743620097637176513671875,0.007519737817347049713134765625,0.0070488112978637218475341796875,0.009283013641834259033203125,0.008553548716008663177490234375,0.006559275090694427490234375,0.0075007001869380474090576171875,0.008220990188419818878173828125,0.00797318480908870697021484375,0.008571713231503963470458984375,0.0070376582443714141845703125,0.007502458989620208740234375
0.00835656933486461639404296875,0.009649169631302356719970703125,0.00737426243722438812255859375,0.0052646291442215442657470703125,0.008162748999893665313720703125,0.0075417808257043361663818359375,0.0077309585176408290863037109375,0.008725769817829132080078125,0.0072204172611236572265625,0.0101442970335483551025390625,0.0069970698095858097076416015625,0.008566797710955142974853515625,0.008604531176388263702392578125,0.008720017038285732269287109375
0.007273516617715358734130859375,0.007483455352485179901123046875,0.008326581679284572601318359375,0.007940593175590038299560546875,0.008633307181298732757568359375,0.0086025558412075042724609375,0.008193654008209705352783203125,0.0070168296806514263153076171875,0.00637492723762989044189453125,0.00750425271689891815185546875,0.0061341668479144573211669921875,0.0068205087445676326751708984375,0.0067597697488963603973388671875,0.007924635894596576690673828125
0.0085224322974681854248046875,0.007331063039600849151611328125,0.00804805569350719451904296875,0.008525826968252658843994140625,0.007690779864788055419921875,0.007881711237132549285888671875,0.00862060673534870147705078125,0.009039796888828277587890625,0.0058758887462317943572998046875,0.0082348994910717010498046875,0.008269478566944599151611328125,0.007679629139602184295654296875,0.007803981192409992218017578125,0.00832271017134189605712890625
0.007969257421791553497314453125,0.008503288961946964263916015625,0.00823101960122585296630859375,0.007864006794989109039306640625,0.0081892348825931549072265625,0.008538623340427875518798828125,0.007885138504207134246826171875,0.008897590450942516326904296875,0.008347674272954463958740234375,0.0076989769004285335540771484375,0.0077404291369020938873291015625,0.0071616061031818389892578125,0.007990024983882904052734375,0.008790136314928531646728515625
0.00905577652156352996826171875,0.0075081209652125835418701171875,0.0073910825885832309722900390625,0.0055846869945526123046875,0.00713977776467800140380859375,0.00799305178225040435791015625,0.00886123813688755035400390625,0.0072470312006771564483642578125,0.0083988495171070098876953125,0.007258747704327106475830078125,0.00805301032960414886474609375,0.008446154184639453887939453125,0.00843445956707000732421875,0.00661053322255611419677734375