0.03222805740920740846799930068300454877316951751708984375
0.031507490636756931012829596738811233080923557281494140625
0.031625919275272966479928271610333467833697795867919921875
0.03160273003575760075722911324191954918205738067626953125
0.03186934285738036998214539607943152077496051788330078125
0.030423896250006417230071775748001527972519397735595703125
0.031695291662505807595007212285054265521466732025146484375
0.032313170531184216838216372025271994061768054962158203125
0.030271803021687804235995145063498057425022125244140625
0.0302974674816030679902478794929265859536826610565185546875
0.03174383733393772166753166175112710334360599517822265625
0.0319575382275662234210500400877208448946475982666015625
0.02988076945719357613295841247236239723861217498779296875
0.03213974425139169699416896719412761740386486053466796875
0.03117638155363684770993160100260865874588489532470703125
0.03285181207554156712635773374131531454622745513916015625
0.03148002610864163164361428925985819660127162933349609375
0.03145772120893501611060827372057246975600719451904296875
0.032771660443767058890074395094416104257106781005859375
0.0307891651895387634396694664928872953169047832489013671875
0.03002089187204438902600855954005965031683444976806640625
0.0310845613159794025015525420485573704354465007781982421875
0.0310991672857765903692506270772355492226779460906982421875
0.03251813792626019605780385290927370078861713409423828125
0.03193634011122804816640297076446586288511753082275390625
0.0321810771550149199438095592995523475110530853271484375
0.0313201553528963672068385903912712819874286651611328125
0.03107132251116413723668330248983693309128284454345703125
0.031626681773763744287553123513134778477251529693603515625
0.033061081746057409402883564553121686913073062896728515625
0.0299970947726819030243472496977119590155780315399169921875
0.030688353839890859797723265955937677063047885894775390625
0.031365753147115781052090000002863234840333461761474609375