0.0102753918441788848203710671214139438234269618988037109375,0.00962303506603855683676496113321263692341744899749755859375
0.009993527200586667380566296969846007414162158966064453125,0.0104635321957011993843078556665204814635217189788818359375
0.00987841361700718574578861108648197841830551624298095703125,0.01028293921163923006767415557760614319704473018646240234375
0.0101946580225345147241444720975778182037174701690673828125,0.009322843977688573258166826462911558337509632110595703125
0.00999191347126827771052415272379221278242766857147216796875,0.0095892394419241355763006140477955341339111328125
0.0100483729981934340191873644698716816492378711700439453125,0.00970396586006020377135339316509998752735555171966552734375
0.009289527332224677136363055751644424162805080413818359375,0.00969276458122980168197191375156762660481035709381103515625
0.009706879309058447091729249223135411739349365234375,0.00947122763705572114079078716031290241517126560211181640625
0.009824972885169626357626526669264421798288822174072265625,0.00968542163494667644740854228757598320953547954559326171875
0.0093939483889885211365111672421335242688655853271484375,0.0100392184580022116036079893319765687920153141021728515625
0.0097888795243175653892908627540236921049654483795166015625,0.00987135438415397310774057615390120190568268299102783203125
0.00936918873026314734386854610193040571175515651702880859375,0.01014782687941089001082417553334380500018596649169921875
0.01048819505852216331376336455605269293300807476043701171875,0.00951535010310432770308519678792436025105416774749755859375
0.0095862270253736781011610901259700767695903778076171875,0.010012250418801903195653579814461409114301204681396484375
0.00931998985117648247322730270525426021777093410491943359375,0.0102610659918405712487388115050634951330721378326416015625
0.010123352706902004338740397315632435493171215057373046875,0.0104770624183153672481783047487624571658670902252197265625
0.010075111680521296741996906121130450628697872161865234375,0.00989701839704816566101186481319018639624118804931640625
0.010765567591755231813266391327488236129283905029296875,0.0102432155336482262619757221955296699889004230499267578125
0.010013062350982197823423547333732130937278270721435546875,0.0106730531698872310730763501851470209658145904541015625
0.0099264865231144701340770808428715099580585956573486328125,0.00939443491905411244557999594917419017292559146881103515625
0.0094268371472092209184534539190281066112220287322998046875,0.0103333221126274132917188808278297074139118194580078125
0.01034361372442540831506629928071561153046786785125732421875,0.00952615955496105039357335186878117383457720279693603515625
0.00957192198089320579745820083417129353620111942291259765625,0.0099944696408950269017612555444429744966328144073486328125
0.0098757037054076866888774333119727089069783687591552734375,0.0098297721122799670834258023432994377799332141876220703125
0.0093912851178205129787368576899098115973174571990966796875,0.00988284457483282023637638502577829058282077312469482421875
0.01006004082005792533982546643755995319224894046783447265625,0.0100817033748143401739039148878873675130307674407958984375
0.01008973396373531207503848605711027630604803562164306640625,0.009935113660241301491993226591148413717746734619140625
0.0109116327359083005454909454101652954705059528350830078125,0.01028034456284705917827881904713649419136345386505126953125
0.0099163816861341132213869542511019972153007984161376953125,0.010535462441658538512712084411759860813617706298828125
0.00999724903472780195012870052551079425029456615447998046875,0.00983615637014726394704577927541322424076497554779052734375
0.00958236082700024416336503918500966392457485198974609375,0.00981257268735755312782931270021435921080410480499267578125
0.0103962063104147926784204258865429437719285488128662109375,0.00929408287526123540189804117517269332893192768096923828125
0.0091601387449820013963996956363189383409917354583740234375,0.00990340922087636250925601899552930262871086597442626953125
0.00990029437118896023239944526039835182018578052520751953125,0.01003394202668088375229871189731056801974773406982421875
0.009689095337377238992271344386608689092099666595458984375,0.0093320816230191248885628141351844533346593379974365234375
0.010021605947519114654387095697529730387032032012939453125,0.0093392151384522094359486032999484450556337833404541015625
0.009803326849382842933522397288470529019832611083984375,0.00977830924139476420631211794898263178765773773193359375
0.010025166775030631971521444256723043508827686309814453125,0.01011892682373505270021496471599675714969635009765625
0.0095985592459136188925317156872552004642784595489501953125,0.0094729760776941125677286237305452232249081134796142578125
0.0102943282992849667600854246529706870205700397491455078125,0.00984166561783945438579568332215785630978643894195556640625
0.01010474986706506005107453205482670455239713191986083984375,0.00926065615521680200739051969094361993484199047088623046875
0.0101084340425456296885808882279889076016843318939208984375,0.00986727630534169238007979885196618852205574512481689453125
0.0094944692321465816442493945714886649511754512786865234375,0.00995236265377250593766600417211520834825932979583740234375
0.0104712677803991162372998502405607723630964756011962890625,0.00981644468979315544532315840342562296427786350250244140625
0.00974501394586187001667365592538772034458816051483154296875,0.0095511133085397492692436571815051138401031494140625
0.0100829569360839539637897388502096873708069324493408203125,0.01001747589518518256890278195214705192483961582183837890625
0.00991306876774498968440951784941717050969600677490234375,0.0099990892659279941023786619780366891063749790191650390625
0.01068434261766666899806654811300177243538200855255126953125,0.01119483174307804411451439108304839464835822582244873046875
0.00955125140257958270273430656516211456619203090667724609375,0.00960848115169886558828427070011457544751465320587158203125
0.01034076815415128913766551477237953804433345794677734375,0.00959007372314536754576153043672093190252780914306640625
0.00957235900018491535357068045186679228208959102630615234375,0.0099054338826365766201842433247293229214847087860107421875
0.01028141390061241590425655800800086581148207187652587890625,0.0098475880069678611850036986652412451803684234619140625
0.01020012835425468215866384724677118356339633464813232421875,0.00960449750013843243923172821041589486412703990936279296875
0.01056770777708208874923201392448390834033489227294921875,0.01029350921241029524766386060719014494679868221282958984375
0.00980903874359660178650077710926780127920210361480712890625,0.00948389294487277101364242071213084273040294647216796875
0.0103319846262255356228454417077955440618097782135009765625,0.01012890569822793261633986361403003684245049953460693359375
0.00988915137401524986515699566780313034541904926300048828125,0.0106806798726417906397756496517104096710681915283203125
0.0104771833340147925428542663439657189883291721343994140625,0.010364563145642290142856012380434549413621425628662109375
0.0096933618245417414727160831944274832494556903839111328125,0.010395771291745924125304867402519448660314083099365234375
0.01035768263123793171687214709209001739509403705596923828125,0.009869282656888932192540409005232504568994045257568359375
0.00974942441678405997962375550969227333553135395050048828125,0.010666733055747106007071778321915189735591411590576171875
0.0094428955485494799060308679372610640712082386016845703125,0.0097083062875495916566048748563844128511846065521240234375
0.0101009843559342372965037526455489569343626499176025390625,0.00997999329874839358200944161580991931259632110595703125
0.00987544851858210802342252776497844024561345577239990234375,0.01014981775439120770254675107935327105224132537841796875
0.010011847362498993430079963218304328620433807373046875,0.01009966473967886628482215627400364610366523265838623046875
0.0102902315831514268307245174582931213080883026123046875,0.009682834756382006913266735637080273590981960296630859375
0.00968763283658953706922734028239574399776756763458251953125,0.00969286387930388092237787844851482077501714229583740234375
0.0099719801064393383260853198635231819935142993927001953125,0.009956875125474766441424634422219241969287395477294921875
0.00952246160629902256566925444758453522808849811553955078125,0.009963303841057861987007271409311215393245220184326171875
0.0092768068232506016579375085484571172855794429779052734375,0.008883118487300577237331111746243550442159175872802734375
0.0095050449659846471262003575475318939425051212310791015625,0.0105985680207994377444169487034741905517876148223876953125
0.00925532712568509670358896102015933138318359851837158203125,0.01074928416583792629979132726703028311021625995635986328125
0.00972144439922334284431837403417375753633677959442138671875,0.0096170284653951769449076181217606063000857830047607421875
0.0102431160095414162947147218574173166416585445404052734375,0.00885935046933932456025839741187155595980584621429443359375
0.01007567867725426592750981313884039991535246372222900390625,0.0104172549021551950898523131172623834572732448577880859375
0.009610664810866274831990807570036849938333034515380859375,0.00989103120346516116734303381008430733345448970794677734375
0.010316755957599975379590517832184559665620326995849609375,0.00951823943087377020988437692494699149392545223236083984375
0.00998164407955572270669808432330682990141212940216064453125,0.01002389406801344924613506037758270394988358020782470703125
0.010002384703560192324989230883147683925926685333251953125,0.01063994077479397948327033418536302633583545684814453125
0.01037780271669260130640299877313736942596733570098876953125,0.0103584600121318370913314765857649035751819610595703125
0.0096709196497074233211943550259093171916902065277099609375,0.010964342965790858930308360186245408840477466583251953125
0.0102055699535611131556489539207177585922181606292724609375,0.0097793604694011888878169003191942465491592884063720703125
0.0095083074563411841551019421103774220682680606842041015625,0.0101284117127696839111283821921460912562906742095947265625
0.00979461801833851619658588560923817567527294158935546875,0.00972348413774365948059053010865682153962552547454833984375
0.00992429767261335769867880429728757007978856563568115234375,0.01026239494187539645631002116488161846064031124114990234375
0.01006856437570525890368156041176916914992034435272216796875,0.0094030708047764637036447510354264522902667522430419921875
0.010034439707283814013916156682171276770532131195068359375,0.01017336076441267660175338249928245204500854015350341796875
0.00957592708409317310003228129744456964544951915740966796875,0.01009618993107527958053015737505120341666042804718017578125
0.00952333693936349180708678119344767765142023563385009765625,0.009331878267867445286842809082372696138918399810791015625
0.00942607916848162315226478114027486299164593219757080078125,0.01022811372406402623258525608207492041401565074920654296875
0.0099833676321894639082987765732468687929213047027587890625,0.00975609311128555235781423249363797367550432682037353515625
0.01002330999087508965617043799056773423217236995697021484375,0.0099442644481183839477722585797891952097415924072265625
0.01006050093581776182227738303254227503202855587005615234375,0.010318993380525894043575618752583977766335010528564453125
0.0096532661041878846386321555428366991691291332244873046875,0.0100345152272626018941092951308746705763041973114013671875
0.010007852598318545123134981622570194303989410400390625,0.00948664177513167637678659360744859441183507442474365234375
0.00930036244480900338438278396324676577933132648468017578125,0.010203380363869939129184416515272459946572780609130859375
0.0105914365565376415723175540506417746655642986297607421875,0.009673039967171788433564216802551527507603168487548828125
0.01002904198714832557925991096681173075921833515167236328125,0.0101738047740479176095362845444469712674617767333984375
0.0095954561979957643524929977729698293842375278472900390625,0.0094385746135641039600283619392939726822078227996826171875
0.00971465195637975786890905283144093118607997894287109375,0.00969355734689245594759565705089698894880712032318115234375
0.00986920852772690988807813283756331657059490680694580078125,0.009767736266039724057907989163140882737934589385986328125
0.0104357466806112818280549703331416822038590908050537109375,0.010082911966854617158428908396672341041266918182373046875
0.00957529446653242362341718063589723897166550159454345703125,0.01047046481430380371335786549025215208530426025390625
0.00972101290548373249411628904681492713280022144317626953125,0.0097296154476745298766982017468762933276593685150146484375
0.00999991322680709483761152256420245976187288761138916015625,0.0098428829266620498916751103024580515921115875244140625
0.00977742527025977394006250875690966495312750339508056640625,0.01033368951486048244181592536961034056730568408966064453125
0.009741512764635855414763199178196373395621776580810546875,0.01010786620789346813842346506362446234561502933502197265625
0.009936127990595004788598743061811546795070171356201171875,0.00999214849998994979196620391803662641905248165130615234375
0.01015683373538911471456458457396365702152252197265625,0.0095599045201751019218416871581212035380303859710693359375
0.01073694790826338653355609409345561289228498935699462890625,0.0099126081106551654220648828186313039623200893402099609375
0.01002027540068425350006098284438849077560007572174072265625,0.009313492270618568824591676502677728421986103057861328125
0.01044708484576449721015212190877718967385590076446533203125,0.0098791414153822400268101233677953132428228855133056640625
0.00985522803037006990545254581093104206956923007965087890625,0.0106084079217676936768288697976458934135735034942626953125
0.00978484713527793918685926399803065578453242778778076171875,0.00883734725171943409638419808516118791885673999786376953125
0.01026389869250396956468218689906279905699193477630615234375,0.0093706933321621617427599204575017211027443408966064453125
0.00964052366318435098591077547780514578334987163543701171875,0.01019980914834699679827334506398983648978173732757568359375
0.00982623639225559293575162911338338744826614856719970703125,0.00990906297510519250282268188811940490268170833587646484375
0.00948072715097210243218039948942532646469771862030029296875,0.01028960781987565444028920325081344344653189182281494140625
0.00987812183175147510982849752281254041008651256561279296875,0.00947522792049988217544242985468372353352606296539306640625
0.00940666764229110795303423486757310456596314907073974609375,0.00961940984969686906091990152845028205774724483489990234375
0.009198341696787508403598820905244792811572551727294921875,0.00989398558097939230526751686056741164065897464752197265625
0.0095055288271778497211084157925142790190875530242919921875,0.01009963595642692120446515247067509335465729236602783203125
0.009630184965304135202845969843110651709139347076416015625,0.01029038557959482784454063875045903841964900493621826171875
0.00946573667375674547563857430532152648083865642547607421875,0.010061794143262199618948926627126638777554035186767578125
0.01000632000299513102437032330271904356777667999267578125,0.0097138694299681617450037407479612738825380802154541015625
0.0097639981238097084403904091232107020914554595947265625,0.00994297974505041308457276016952164354734122753143310546875
0.00987909903433774154446478377167295548133552074432373046875,0.0099058053032865210629775987172251916490495204925537109375
0.0104729190839581050298523479114010115154087543487548828125,0.0106608141772473706543333804575013346038758754730224609375
0.016651665659611979142251669827601290307939052581787109375,0.00024686851135159834820520519116371360723860561847686767578125
0.0000537193153475024767306948703105007325575570575892925262451171875,-0.000308282815527408733842495980326248172787018120288848876953125
0.000033376694785519048398747532502284229849465191364288330078125,-0.000089427515688860005128348051872677615392603911459445953369140625
-0.000108282473794442512930215338773365374436252750456333160400390625,0.0003531326232476075278887694963714238838292658329010009765625
0.00005913709069225311855573512520578560724970884621143341064453125,0.0003150232220048731937404873360009105454082600772380828857421875
0.0000564243024390710681500483991701599961743340827524662017822265625,0.0001413630006004995033619398014934631646610796451568603515625
0.00049179163503564808472556801888231348129920661449432373046875,0.0001785266521102428440188891745066257499274797737598419189453125
0.0001324515223402698426043155865983180774492211639881134033203125,0.0003765857633080700443174715363880977747612632811069488525390625
0.00010087206740207906832847151168408572630141861736774444580078125,0.0002808082110125437679502835575107155818841420114040374755859375
0.000312405146291105614321514938325208277092315256595611572265625,0.0000086871349032158226110937604413919643775443546473979949951171875
0.00016448052910333186443260500286811520709306932985782623291015625,0.00018329918893083394404626418339177007510443218052387237548828125
0.000353454566274496485844824888999937684275209903717041015625,-0.0000830338124775310978085973712126133250421844422817230224609375
-0.0003068528816719800892710845463540181299322284758090972900390625,0.0003002848196620429917398642505332873042789287865161895751953125
0.00022265873987057291090267685529369146024691872298717498779296875,0.000001171831785698301315427351763920338356683714664541184902191162109375
0.00033093251775122398301853809954309326712973415851593017578125,-0.0001831433676657882002325461456848643138073384761810302734375
-0.0000541529548357915687111126257224924529509735293686389923095703125,-0.00027729978260749850275945771471697298693470656871795654296875
-0.000121148782464739770102502003368272198713384568691253662109375,0.00002800962193295911131459864640280699177310452796518802642822265625
-0.0004449347306335367101433331260551540253800339996814727783203125,-0.000112134108210807414735162013119662560711731202900409698486328125
0.00002091543420052880528537016247003776925339479930698871612548828125,-0.000493679996213247109480837249151363721466623246669769287109375
0.000083179758793735524588335017437401575080002658069133758544921875,0.0004396029796988712196222082173591161335934884846210479736328125
0.000375395140444535388955793475673772263689897954463958740234375,-0.00015987394702337900660553404730279680734383873641490936279296875
-0.0001622421651579901446561804423396324636996723711490631103515625,0.000275508483486430733565286654851433922885917127132415771484375
0.00027545257901559982126327152940348241827450692653656005859375,0.0000420212387743186389205650443923190096029429696500301361083984375
0.00007130463308077251830853493519413177637034095823764801025390625,0.000048315793476780863162367563035104467417113482952117919921875
0.00045353802149628616273424608351660936023108661174774169921875,0.00007456772531703453475888931922810343166929669678211212158203125
-0.00011249165042984487594517062358789871723274700343608856201171875,-0.000063930612603203820711213201111178250357625074684619903564453125
-0.0000505545401152973197301566943284711896922090090811252593994140625,0.000090858651678964240210045755219425700488500297069549560546875
-0.00052089791209462203529223511822010550531558692455291748046875,-0.00018732102019679668634434543950106899501406587660312652587890625
0.00002102604011806750682598600443728997788639389909803867340087890625,-0.0002154467230216492758254620554225766682066023349761962890625
0.000014644783007172106756494690815717518717065104283392429351806640625,0.00015623177138432867518992586131076905076042748987674713134765625
0.00031272857994759338529089376379488385282456874847412109375,0.00016121969368648300028994124755143957372638396918773651123046875
-0.0002460987032537031971544949637831223299144767224788665771484375,0.0004210326613497738308840301346691603612271137535572052001953125
0.000498647607546560327033968729182333845528773963451385498046875,0.000096202652987390882316671991691947596336831338703632354736328125
0.000045845857146242078076180115342452836557640694081783294677734375,-0.00002355078128325031080851637010908916636253707110881805419921875
0.000216150619576676770138001781873526851995848119258880615234375,0.0003590078293552223021901925736898419927456416189670562744140625
-0.00007418740344312076194326077693830256976070813834667205810546875,0.0004013924986997896159242327218663604071480222046375274658203125
0.000146000204855489313683636343199623297550715506076812744140625,0.00014650189852146250032473295821233705282793380320072174072265625
-0.000001868020362202110012546092503160632958270070957951247692108154296875,0.000001193890629104244037941439000871657327706998330540955066680908203125
0.00029269072209748051537070434591214507236145436763763427734375,0.000264483259852223324959386019372686860151588916778564453125
-0.0000893794412685572294170743834484937906381674110889434814453125,0.000217890426813693860452758599421940743923187255859375
-0.000104714577286212120175480644324039758430444635450839996337890625,0.0004477983576046183460117600105832025292329490184783935546875
-0.0000966487900985013408117207944769688765518367290496826171875,0.00007003642536709800870027564645425854905624873936176300048828125
0.0003261868980431605166865616229898705569212324917316436767578125,0.0000037720374014747442737599016082672420679955394007265567779541015625
-0.00027145576884949457717455256755556547432206571102142333984375,0.000057674022406971003581500900825318467468605376780033111572265625
0.0001886143347363437665874241755403772913268767297267913818359375,0.0002731008671915832156269765551570571915362961590290069580078125
-0.00013287197929109573397467303212948763757594861090183258056640625,0.0000371625144669518220515158635208763371338136494159698486328125
0.000087036661206173700808079451984866636848892085254192352294921875,0.000018950969442020921943738154258340955493622459471225738525390625
-0.0003943644910296445374280061013649856249685399234294891357421875,-0.00074239704115910444548465108027812675572931766510009765625
0.0002857093729811830871111177909682510289712809026241302490234375,0.0003066872185936719038927555924800572029198519885540008544921875
-0.0001499849034022325035275802207479500793851912021636962890625,0.00018908279090759245988882797373520361361443065106868743896484375
0.0002952083235043167423576615515656840216252021491527557373046875,0.000068836994126852076351062714731909863985492847859859466552734375
-0.000093082270505799632044456604074156302885967306792736053466796875,0.0000466948460024970714819791961502915000892244279384613037109375
-0.000126370618786593035161314180214731095475144684314727783203125,0.0002523211118088425244758432608449538747663609683513641357421875
-0.0003174686637921967226165509412538767719524912536144256591796875,-0.000179572551593507111038217072263023510458879172801971435546875
0.00016266204178226278498180235043690800011972896754741668701171875,0.0003662968340519315822711998720251358463428914546966552734375
-0.0001374907782562652456929963573628583617391996085643768310546875,-0.000029935687396907858354687392843374027506797574460506439208984375
0.00008153492763405376813658220758185279919416643679141998291015625,-0.000322704112881278264331197380698768029105849564075469970703125
-0.000278535201741931214003411554358535795472562313079833984375,-0.0002522507828956236882768371376783989035175181925296783447265625
0.000110626894970089812331344447660086416362901218235492706298828125,-0.00020812786210903740547091544943469898498733527958393096923828125
-0.0001899120422585730857782670977229599884594790637493133544921875,0.00006267579920467153680070648835709334889543242752552032470703125
0.00007182565993811630450545380188742683458258397877216339111328125,-0.00046210918202773559361473676432296997518278658390045166015625
0.0002799201018840930302832015197367354630841873586177825927734375,0.0002627795439440353615807854925634501341846771538257598876953125
0.00000894881184916821044959822639697222257382236421108245849609375,0.00009222883637489322368983868383196522700018249452114105224609375
0.000093652964584728135379911029279043077622191049158573150634765625,-0.00013037077106662533078178245471434593127924017608165740966796875
0.000072292982577848639261404450895298623436246998608112335205078125,0.0000311740831217644323060389499602251817123033106327056884765625
-0.0002551091043566129233817474375456413326901383697986602783203125,0.00030787775388270584818461994558447258896194398403167724609375
0.000249222157026495329083803920156015010434202849864959716796875,0.00018276767587449010304435914608944813153357245028018951416015625
0.000052295314804381333863118885840748362170415930449962615966796875,0.000072390414300517764577443113882537772951764054596424102783203125
0.0003637526556568502198764358812610453242086805403232574462890625,0.000051229756688658760325517926847993521732860244810581207275390625
0.000350377658117694370555617044971086215809918940067291259765625,0.00068361470117487264409883440663406872772611677646636962890625
0.0003060841826908764569566134827738324020174331963062286376953125,-0.000356856776014932990277739310869264954817481338977813720703125
0.000491550727527825738645550490701907619950361549854278564453125,-0.0004232070799560956066674710651653867898858152329921722412109375
0.00022110850481152637299342433863102996838279068470001220703125,0.0001245924858039891883719485488057898692204616963863372802734375
-0.00010213120598267261154683260837572333912248723208904266357421875,0.000681591401217890237480834247918437540647573769092559814453125
0.000082477092743920755080373752310407553522964008152484893798828125,-0.00021288345514875869012548503800275057074031792581081390380859375
0.00019846004067214717612836760718408868342521600425243377685546875,0.000042613265010089969981287028044647513524978421628475189208984375
-0.0000593628553166128492359944479606070899535552598536014556884765625,0.00034752907182587148941788068867708716425113379955291748046875
0.00007929741472925133107495232476225055506802164018154144287109375,-0.00003257349223305679272906509869045521554653532803058624267578125
-0.00002866355966940406564701961100727345410632551647722721099853515625,-0.000367351092585322031892902661098787575610913336277008056640625
-0.0002072755124324776186857388626805231979233212769031524658203125,-0.00018819113084171388877892383550971544536878354847431182861328125
0.00025205920537146636779823882790196876158006489276885986328125,-0.0004740952586337468586778765011757741376641206443309783935546875
-0.000119781315168410369166596129986146479495801031589508056640625,0.000171261794805868607267929082382806882378645241260528564453125
0.0003145942884715190418325192478476992619107477366924285888671875,-0.0000681180752447568642338193711793792317621409893035888671875
0.00015516692008300149853254612519748434351640753448009490966796875,0.0001115031823507755853915057731029492060770280659198760986328125
0.0000413586113942097680583852292723889831904671154916286468505859375,-0.000153979365665341157154433204823362757451832294464111328125
-0.000071907349657421859860824409071966556439292617142200469970703125,0.0004044290010849341580022320297160831614746712148189544677734375
-0.000087270904565349798607566678132485549213015474379062652587890625,-0.00012213204932076088368893274083148980935220606625080108642578125
0.0003102447251887015082505438812177089857868850231170654296875,0.000055878680738134396395293268522408425269532017409801483154296875
0.000329050911091970641787762819063800634467042982578277587890625,0.0004438425460750746007372591339645850894157774746417999267578125
0.00032827599130360739405898318210574871045537292957305908203125,-0.0000688844315876222077106583174810339187388308346271514892578125
0.000096080331358875208894350372634818313599680550396442413330078125,0.0002018657964550671737348486178831308279768563807010650634765625
0.000031639196020234698213287327650533597989124245941638946533203125,0.00001088636746392323954336911473461668720119632780551910400390625
-0.00008741663490629259761384439730846906968508847057819366455078125,-0.000194702731684672533489510737325645095552317798137664794921875
0.00020042155124085810611635205535918657915317453444004058837890625,-0.0000456334246784320774034844625521856187333469279110431671142578125
-0.00012605548534108473000825423326887175790034234523773193359375,0.0002967086870306341714505216078379135069553740322589874267578125
0.0004762188003556861175431802468693831542623229324817657470703125,-0.00015454314358743430173059874022101212176494300365447998046875
-0.00035437604738746525910586537833069087355397641658782958984375,0.000094099192750175583558648606530283586835139431059360504150390625
-0.0000049427873141443910218607686590797101189309614710509777069091796875,-0.00002375895290824429079558181843179198722282308153808116912841796875
0.0002740466237914099766580233730195459429523907601833343505859375,0.0003495741388202960897059468070580123821855522692203521728515625
0.00020683664076009833777784752140149748811381869018077850341796875,0.000146441687568215337701682532411950887762941420078277587890625
0.0001465136597677846471386720050844587603933177888393402099609375,0.000167708712117501062936752997956091348896734416484832763671875
-0.00027302021139242083243303671480362027068622410297393798828125,-0.0000053667900970427039972362147357554107429677969776093959808349609375
0.000280333806651286254578436807349817172507755458354949951171875,-0.00024518023997420674599256873449348859139718115329742431640625
0.00022202973760597046804822485288610778297879733145236968994140625,0.00013255387147579101594051242951621816246188245713710784912109375
0.000008033131527212939763612532806380528427325771190226078033447265625,0.00009286870404760091892056028672897127762553282082080841064453125
0.00006115793199973939870024708387319378743995912373065948486328125,-0.000032289670053094730352294394748469130718149244785308837890625
0.00017825367384651069732788564170533618380432017147541046142578125,-0.000035525123463838731018189787125294287761789746582508087158203125
-0.000041569792511114331788613096563267390592955052852630615234375,0.000004196622958489213444841468836354891891460283659398555755615234375
-0.0000198362303549434648079589915692366730581852607429027557373046875,0.0002321400163028539066940869606270325675723142921924591064453125
-0.000350522024290829468766428345105623520794324576854705810546875,0.000086928349652378900818718021614728286294848658144474029541015625
0.000103869284992018229697545439460526495167869143187999725341796875,0.000456700957795283285674259321496037955512292683124542236328125
-0.0002865481992736549992327466096497801117948256433010101318359375,0.00005087672764141626933522000175713628777884878218173980712890625
0.000079324109533152230224091472354785992138204164803028106689453125,-0.00023913941273265355738457393908191761511261574923992156982421875
0.0001272086383513095484733279594280475066625513136386871337890625,0.00068542652633256004844619635463232043548487126827239990234375
-0.00012347513063313623180895783892907502377056516706943511962890625,0.000373084075870540841923794772583278245292603969573974609375
0.0002709864760921976991302206894118853597319684922695159912109375,-0.0000056728464110178936067219353234225565074666519649326801300048828125
0.00014525346050878388376968730621996428453712724149227142333984375,0.00018355752413137102680741608029535427704104222357273101806640625
0.00028195620890565154838258710157106179394759237766265869140625,-0.00016994505185826810022241273312459952649078331887722015380859375
0.000098224325336072006620465046911050421840627677738666534423828125,0.0003099724245021937517330368194734546705149114131927490234375
0.000365619885185391210562222408242405435885302722454071044921875,0.00017019516648673527919356784909865609733969904482364654541015625
0.000460165439789518939707468891953112688497640192508697509765625,0.0001733225011800055962753186467040222851210273802280426025390625
0.000290828116540234739122172680225730800884775817394256591796875,-0.0000491198862653933985829117492283302226496743969619274139404296875
0.00013274580466707201873051424900751271707122214138507843017578125,-0.0001065045838360273162785663014773263057577423751354217529296875
0.00024949636709123749166161498891369774355553090572357177734375,0.000051047574153125827955794491241903187983552925288677215576171875
0.00011727188658133204011112249443016253280802629888057708740234375,0.00018756112599408063571458649132495111189200542867183685302734375
0.00020218879451880115614113841981946961823268793523311614990234375,-0.000009302977844578954862305407436107174135031527839601039886474609375
0.00006291170928088250248987056689742303206003271043300628662109375,-6.32453492244863186284137800130533690889933495782315731048583984375E-7
-0.00021633295230236070853628571608595621000858955085277557373046875,0.000131063161647541003528016911872100536129437386989593505859375
0.0035820685070039842527733764399044957826845347881317138671875,0.00393461964888754123226277670255512930452823638916015625