0.00765426946497166880989393433765144436620175838470458984375,0.007146946339680806427330228558503222302533686161041259765625,0.00723750298859548481245074214029955328442156314849853515625,0.00676424735918253194899563141007092781364917755126953125,0.007390360172532626538421940409762100898660719394683837890625
0.0075422614116557214203329095880690147168934345245361328125,0.007433049045486024401785396520381254958920180797576904296875,0.006915712959279235981513433983991490094922482967376708984375,0.00766473872529517021023881540031652548350393772125244140625,0.0066321336629881523505591900402578175999224185943603515625
0.0074588178482096235966114505799851031042635440826416015625,0.00721556697402246649541979195419116877019405364990234375,0.007485039360121942438042186296343061258085072040557861328125,0.007158201236518223729843324321109321317635476589202880859375,0.007133443356368867303840541893578119925223290920257568359375
0.007763643910717584438463401141916619963012635707855224609375,0.006946388412170475222529031356089035398326814174652099609375,0.007714845525726971194047099089630137314088642597198486328125,0.0072043871827119458639554494538970175199210643768310546875,0.007250663107589392329666022618539500399492681026458740234375
0.007070689273604885936863606588076436310075223445892333984375,0.00764502701431475813198535007586542633362114429473876953125,0.007691169053401935955249779652831421117298305034637451171875,0.00768437566664469627608635704518746933899819850921630859375,0.00740422089890878550033637139904385549016296863555908203125
0.00653033480528045738588982516148462309502065181732177734375,0.006842565273048983702508518689455740968696773052215576171875,0.007526397704901378361841413067168105044402182102203369140625,0.007478198276766513490076970782638454693369567394256591796875,0.007929838753306238385842874549780390225350856781005859375
0.007514908924993404619463444049642930622212588787078857421875,0.0077863023813113697857435369087397702969610691070556640625,0.007417351183701949464410763113164648530073463916778564453125,0.007166430879782665665234109297898612567223608493804931640625,0.007227662583123088159420266407551025622524321079254150390625
0.007170554074297583700692282349109518690966069698333740234375,0.0071271991974210906206632643034026841633021831512451171875,0.00727187344640030548792442033345650997944176197052001953125,0.007772300374929905046605949081595099414698779582977294921875,0.00784729797416244302665777610172881395556032657623291015625
0.007232370611798973579487093132911468273960053920745849609375,0.00701855114544741413851181022209857474081218242645263671875,0.007129004233028088562129642724585210089571774005889892578125,0.00791587492289236305254007675102911889553070068359375,0.007416432738651226701243057704004968400113284587860107421875
0.00774234055553352749912132679810383706353604793548583984375,0.006791998855841603795202576776546266046352684497833251953125,0.007610913142750576516892824230353653547354042530059814453125,0.007643851505404571609891828387617351836524903774261474609375,0.00735224214889152773155789333259235718287527561187744140625
0.0076075691174335054178801129864950780756771564483642578125,0.007193359361815059548062034622262217453680932521820068359375,0.0074955645447246366241955684017739258706569671630859375,0.0077285921619539565963208360699354670941829681396484375,0.00715270423403660711436646835181818460114300251007080078125
0.007434590076753060973457909454964465112425386905670166015625,0.00796158243578211181901149728901145863346755504608154296875,0.00771377282891723241309289704759066808037459850311279296875,0.007428611355960655811270232362630849820561707019805908203125,0.00716229093190204162133749576923946733586490154266357421875
0.007250052876536777941851585893573428620584309101104736328125,0.007675803109481820450665789934419080964289605617523193359375,0.0068607559585542494950960445976306800730526447296142578125,0.007322952011575879771587693767287419177591800689697265625,0.007299301742674057895399197803953939001075923442840576171875
0.00691004028860961634628257144186136429198086261749267578125,0.00809239188539779587261424609323512413538992404937744140625,0.006949772128384525994582165964175146655179560184478759765625,0.00709227304590917713433828595270824735052883625030517578125,0.0067309481603919120440426837603808962740004062652587890625
0.007439514217443554851272313754861897905357182025909423828125,0.007056726700743774782775830090031377039849758148193359375,0.00767609809521723092384792863640541327185928821563720703125,0.006985223311145138773425866673960626940242946147918701171875,0.00727106619593456161843025853386279777623713016510009765625
0.0077176139331175501456794307841846602968871593475341796875,0.007454659927578031509975975410497994744218885898590087890625,0.006794879238100311365233796578877445426769554615020751953125,0.00732720478425005587730378664446106995455920696258544921875,0.006634193090956170581196094104825533577241003513336181640625
0.00729126997274170789153924232550707529298961162567138671875,0.0071750553041398275333495604400013689883053302764892578125,0.006900609706460072122202742406216202653013169765472412109375,0.00721437973237834019590852818737403140403330326080322265625,0.0071529280800450324717676409136402071453630924224853515625
0.006782872542410447840033338451348754460923373699188232421875,0.007470199190713172100741790160327582270838320255279541015625,0.006840488473289452371617347381516083260066807270050048828125,0.007127886824575027126249526787660215632058680057525634765625,0.007625172335159753622679801310368929989635944366455078125
0.007358852159708612582222908571338848560117185115814208984375,0.007209990585191426888667098893392903846688568592071533203125,0.007857356021480139951496113326356862671673297882080078125,0.007268186172894095138652392762423914973624050617218017578125,0.007632164834154482775663286275857899454422295093536376953125
0.006853970312068928018300884019708973937667906284332275390625,0.007566744050872189521206312434742358163930475711822509765625,0.007686157345573418724071768082239941577427089214324951171875,0.00732384648262170666332959712008232600055634975433349609375,0.007299058187620944583573479036431308486498892307281494140625
0.00757820553734064698836458973119079018943011760711669921875,0.00722539274807514932119634210039293975569307804107666015625,0.0069898128398757052026635250285835354588925838470458984375,0.007303011337960589079154605229859953396953642368316650390625,0.0075001885921673235035900262346331146545708179473876953125
0.007447409604145326100788082612780272029340267181396484375,0.007434018128986350816556072373941788100637495517730712890625,0.0073730298057600208994077917168397107161581516265869140625,0.0069471455972499075726123152207946986891329288482666015625,0.007562392321280917047154890298088503186590969562530517578125
0.007420533847924228217085573788835972663946449756622314453125,0.0074194899336923192390003123364294879138469696044921875,0.00793273191848767496303640456289940630085766315460205078125,0.007533439221841142958979720134493618388660252094268798828125,0.007728288716191419362167014384112917468883097171783447265625
0.00735012067089634534011732824865248403511941432952880859375,0.007013115288384642875829655395136796869337558746337890625,0.0071181154126989214236953529280071961693465709686279296875,0.00714731441976276284100411118060947046615183353424072265625,0.007276825013043829691594677200328078470192849636077880859375
0.00663351125400587875169389207030690158717334270477294921875,0.00752242012830225091624125610678675002418458461761474609375,0.007558161667723246358863153915308430441655218601226806640625,0.007325353704513071738391172260662642656825482845306396484375,0.007178853419263326977872718970274945604614913463592529296875
0.0078953453083287182534544257350717089138925075531005859375,0.00733459157081038128078720461644479655660688877105712890625,0.0075096182343234348099958452849023160524666309356689453125,0.007103740680518630910833532965398262604139745235443115234375,0.00696788266939330803995122920468929805792868137359619140625
0.007298678452400155815260607283789795474149286746978759765625,0.007405197774192093761180810673749874695204198360443115234375,0.0071183516799337813452108747469537775032222270965576171875,0.007239225613629743545651695768583522294647991657257080078125,0.006844111199423558340726447823954003979451954364776611328125
0.007144204429406944382996424991461026365868747234344482421875,0.007700915546585342108532046268010162748396396636962890625,0.007394355385869738096771275337459883303381502628326416015625,0.007293783405513562696775853311237369780428707599639892578125,0.007512908403136426584156826180560528882779181003570556640625
0.007473258986799058249672622622483686427585780620574951171875,0.007276097100139778013627722685896515031345188617706298828125,0.007806696627390513794353399390502090682275593280792236328125,0.00699487087787262727667236816841977997682988643646240234375,0.007204010654369228348892217894672285183332860469818115234375
0.00732194929374084535478317548040649853646755218505859375,0.006549153142946019003078905740267146029509603977203369140625,0.007153847540213201065817383295097897644154727458953857421875,0.007074221589576895445616866453519833157770335674285888671875,0.00774613782120623685367721833472387515939772129058837890625
0.0074616524092565549020061865803654654882848262786865234375,0.007362775677036023820598575895246540312655270099639892578125,0.007565484095449649844244977003882013377733528614044189453125,0.0075904241072250501487506113562631071545183658599853515625,0.0074170984274258451585115636817135964520275592803955078125
0.00658553018682425488072862407307184184901416301727294921875,0.00746421027972231539149294832213854533620178699493408203125,0.007280377358204702213650971742708861711435019969940185546875,0.00784764646944930040206589438867013086564838886260986328125,0.00766088893846705344670144910423914552666246891021728515625
0.00780328302242754880124753213976873666979372501373291015625,0.00755912831290017801777469941271192510612308979034423828125,0.0067899569043071462959293427275042631663382053375244140625,0.007708919089160592812148831143304050783626735210418701171875,0.00682110857489534073982984097028747783042490482330322265625
0.00791034738452249010232097958805752568878233432769775390625,0.0071083443304819048103038170438594534061849117279052734375,0.00781968236558649477940807770437459112145006656646728515625,0.007546904497499726423292987220747818355448544025421142578125,0.006829755705272777532854888704605400562286376953125
0.007330091599773535908368682356694989721290767192840576171875,0.0075818365122166005154458190418154117651283740997314453125,0.00808732405206578040812726015929001732729375362396240234375,0.0077000244295877262601379698025994002819061279296875,0.00754176608352023596093527402217659982852637767791748046875
0.00810263622366375231564905590175840188749134540557861328125,0.0074654977273992985387085496995496214367449283599853515625,0.00707250543736212024248377616686411784030497074127197265625,0.0077348497073664417011951144331760588102042675018310546875,0.007397799222565695949349606763689735089428722858428955078125
0.00737310076752263447719126787660570698790252208709716796875,0.007306692007878970961110010051697827293537557125091552734375,0.007244886181577858512425915904486828367225825786590576171875,0.007328141978338686794713918715160616557113826274871826171875,0.007414031651132972806916843211411105585284531116485595703125
0.0070971142919712994212577683583731413818895816802978515625,0.00718308100528357480751839858612584066577255725860595703125,0.006963435101850936996548124824357728357426822185516357421875,0.007450045242205992866713071265394319198094308376312255859375,0.007775326285679025513364326371856805053539574146270751953125
0.00692635594863331809090123414307527127675712108612060546875,0.0067715681136901635650549025058353436179459095001220703125,0.007434117083285830991645770637887835619039833545684814453125,0.00719559060094526921347313219712304999120533466339111328125,0.007687101191847105045862331706985060009174048900604248046875
0.007381499055595830589837635926642178674228489398956298828125,0.007021772986861323471996509937298469594679772853851318359375,0.00748197999298677064727858265769100398756563663482666015625,0.007698072687616360799955916860426441417075693607330322265625,0.00795705343375215264078992305485371616668999195098876953125
0.00785963371586904935295336827039136551320552825927734375,0.0069608598715470149098649699226371012628078460693359375,0.007292609349499000297167849993229538085870444774627685546875,0.007254319508403426521037093976929099881090223789215087890625,0.006889196801466559126614352948081432259641587734222412109375
0.00701361181473163751431965096116982749663293361663818359375,0.007190123552568611180191293641428273986093699932098388671875,0.00740091480301692701548876840433877077884972095489501953125,0.00735112839784492211325783728170790709555149078369140625,0.00786771543737328771239702973616658709943294525146484375
0.0068679675841440447625618759275312186218798160552978515625,0.0075758000291057080166634563056504703126847743988037109375,0.007320582785417408151762419521446645376272499561309814453125,0.00729577353577133373707663821505775558762252330780029296875,0.006977050085219292825666759227942748111672699451446533203125
0.007554822249554810943694693747829660424031317234039306640625,0.007366859397126134835487309970858404994942247867584228515625,0.00700296918214690818083045797948216204531490802764892578125,0.007444464787624453967762594430723765981383621692657470703125,0.00736558503892835621240653409813603502698242664337158203125
0.007497110691338996872612465693919148179702460765838623046875,0.0075261098880090963880729049151341314427554607391357421875,0.006912803773545805018085896875845719478093087673187255859375,0.007055396302365321385685614785643338109366595745086669921875,0.007107643570945977422315120719531478243879973888397216796875
0.007518515417318264067170208164725409005768597126007080078125,0.0069935688377097994516962131683612824417650699615478515625,0.0075360559931729152738366650510215549729764461517333984375,0.007555733472331999274473890437775480677373707294464111328125,0.007464200958172752774222313831842257059179246425628662109375
0.00704099171255328538931994586391738266684114933013916015625,0.00707773537315665481062243458154625841416418552398681640625,0.007043878285365116898031345726849394850432872772216796875,0.007828773167312348679747202595535782165825366973876953125,0.0074825128806079201082557261770489276386797428131103515625
0.00802022600972059941659697557270192191936075687408447265625,0.0071682883784513658220749476868149940855801105499267578125,0.007788232068906213168002494739994290284812450408935546875,0.006838373366118894770837588481526836403645575046539306640625,0.007198579717867828638155902609696568106301128864288330078125
0.007018774968492780090556504291043893317691981792449951171875,0.00730017921756496469820607586598271154798567295074462890625,0.00681882303013749135889298713664175011217594146728515625,0.00736680606497423957901293789518604171462357044219970703125,0.007315018956670187033619612293477985076606273651123046875
0.0076415309390106440912138197063541156239807605743408203125,0.00711757390147798631174769212748287827707827091217041015625,0.00754957209863551907680356833907353575341403484344482421875,0.0066547054651138713710079031216082512401044368743896484375,0.00725523785069336069053491655722609721124172210693359375
0.007050937454465612021226039729526746668852865695953369140625,0.007151337511413475601929068403705969103612005710601806640625,0.00798945014551090230969787597814502078108489513397216796875,0.00746270638527592178323999405620270408689975738525390625,0.00753623025201009301421439801060842000879347324371337890625
0.0068613005751042184521271138919473742134869098663330078125,0.006566992473917121486692849430255591869354248046875,0.007399175005945303300325388562441730755381286144256591796875,0.007580483281817988923390050359785163891501724720001220703125,0.007300339455757941242719510910319513641297817230224609375
0.007269179609928369707738671223751225625164806842803955078125,0.0073555220874468897618303486751756281591951847076416015625,0.00740373942977211145499705224892750266008079051971435546875,0.00804592591164216171251144515963460435159504413604736328125,0.006781013861957451392681317514643524191342294216156005859375
0.00727744898280467157614115336627946817316114902496337890625,0.007402133025319679489328894561595006962306797504425048828125,0.007331226638129746675520692633654107339680194854736328125,0.007673384105336788878204412611694351653568446636199951171875,0.007189545468008822111383171460374796879477798938751220703125
0.007193640298875950307710969156005376134999096393585205078125,0.007168518596590491009923340470777475275099277496337890625,0.00668698875152523401765858324097280274145305156707763671875,0.007267344642685129307846381152558024041354656219482421875,0.007526947746748662015914277390038478188216686248779296875
0.00686708575635626601585403960825715330429375171661376953125,0.00713721194003253366078265429450766532681882381439208984375,0.0078007197607641472203443555599733372218906879425048828125,0.007381807089681832918792725450884972815401852130889892578125,0.0078750487791494384881563206590726622380316257476806640625
0.00746882015972701214512330381012361613102257251739501953125,0.007281502119714147909512735878934108768589794635772705078125,0.00755642493595429752539782697340342565439641475677490234375,0.007496573789245315234952560246028951951302587985992431640625,0.006657036852346677469061120291371480561792850494384765625
0.00782826134419271381370553086753716343082487583160400390625,0.00675016769368425202657579831111434032209217548370361328125,0.00695660486209519202116524638768169097602367401123046875,0.007132766443142884819905713555954207549802958965301513671875,0.0068854808447484823485940097498314571566879749298095703125
0.00775525545411496174119658775225616409443318843841552734375,0.0076617878512202745866499498106350074522197246551513671875,0.0070382191764978320469570149953142390586435794830322265625,0.0070594198455842700756779350967917707748711109161376953125,0.00713715907754628071935076860654589836485683917999267578125
0.007376534233625110272003500000437270500697195529937744140625,0.007539921134982328909668325422899215482175350189208984375,0.0074722625088651066505018860652853618375957012176513671875,0.007190330000812777781760143369638171861879527568817138671875,0.007280348852700849020258555555074053700082004070281982421875
0.0068362840973983686476689314304167055524885654449462890625,0.00755513855615644498719962740551636670716106891632080078125,0.00748262282973062055335677911216407665051519870758056640625,0.00681980353736854651158783013897846103645861148834228515625,0.00764774652797601574294450443858295329846441745758056640625
0.007677565226868520407987883658051941893063485622406005859375,0.00758989916051176771727426739744259975850582122802734375,0.00744139310815036640611719320759220863692462444305419921875,0.007473838224975708210973124323572847060859203338623046875,0.007224264459888724530800541145936222164891660213470458984375
0.007387441837905022075372318823838213575072586536407470703125,0.007039075486729965032417499770645008538849651813507080078125,0.00748089158467485533521301732662323047406971454620361328125,0.00781310792651784651041690921147164772264659404754638671875,0.00763518212831088179115557323939356137998402118682861328125
0.0067906784394727547071735074268872267566621303558349609375,0.007786856763671834956441752950695445179007947444915771484375,0.007271304209369419506436837963292418862693011760711669921875,0.00718780447485457829603916479754843749105930328369140625,0.007352444304527927694536959535298592527396976947784423828125
0.007246280997675967790183637617928980034776031970977783203125,0.00707843697785324153792796408879439695738255977630615234375,0.007503925512074524108163675606419928953982889652252197265625,0.007341677089175932709175231849485498969443142414093017578125,0.0071248673340693381705879261289737769402563571929931640625
0.00706946640299631508252975464756673318333923816680908203125,0.007587824705209365687419431623084165039472281932830810546875,0.007650434898816842362034851277030611527152359485626220703125,0.00698103998846436556158234765234738006256520748138427734375,0.007560127778565809732180813540480812662281095981597900390625
0.00728811308351591004284220076669953414238989353179931640625,0.00701723851162825047744764361823399667628109455108642578125,0.00670555422741342561920863118984925677068531513214111328125,0.007691117874024111684960747226114108343608677387237548828125,0.007106786537248797018528900792944114073179662227630615234375
0.006782778383039331747406119887955355807207524776458740234375,0.0071280105718511364842893129889489500783383846282958984375,0.007787069856263856455769190034743587602861225605010986328125,0.007438581080196425554529326973351999185979366302490234375,0.007656554494647843829568945039909522165544331073760986328125
0.007460379760882612613925868316755440901033580303192138671875,0.007413124291324900937139030787648152909241616725921630859375,0.0072822741037290895926847866803655051626265048980712890625,0.00714700448601495071099254374757947516627609729766845703125,0.006873060386812520662636050161609091446734964847564697265625
0.007068046403324603453588448331856852746568620204925537109375,0.00702398295159758524752735553420279757119715213775634765625,0.00728419839808030870897948005904254387132823467254638671875,0.007901938306059841377049224320217035710811614990234375,0.00783725998016861213901762539535411633551120758056640625
0.00725910091163678959647054256265619187615811824798583984375,0.007886942455020244657770689400422270409762859344482421875,0.00717246526845592875798462983993886155076324939727783203125,0.007254242049848973195036450078987400047481060028076171875,0.00785187591682156953154514411608033697120845317840576171875
0.007483905534673883190588394853648424032144248485565185546875,0.00703815158951717929902702763911293004639446735382080078125,0.007068354628523949682861182708393243956379592418670654296875,0.00724402600720551459456686416160664521157741546630859375,0.00803362901349839557407772616670627030543982982635498046875
0.007442694609188264635857290585363443824462592601776123046875,0.00768677051056844938548007206691181636415421962738037109375,0.007310361986395004334216007890745459008030593395233154296875,0.007196290659036270152826286761182927875779569149017333984375,0.007413091658459540489456429668280179612338542938232421875
0.007667051057970456807988401948250611894764006137847900390625,0.007132190519096891397066162454621007782407104969024658203125,0.0072220185401688889725857478651960263960063457489013671875,0.00742309032187598270835504621345535269938409328460693359375,0.007218517053940110006493569017038680613040924072265625
0.006942815382416243387420085042549544596113264560699462890625,0.007146684662483041884650791786270929151214659214019775390625,0.0071422304652535816005265445483018993400037288665771484375,0.007690484499604972878916697709428262896835803985595703125,0.0074266718014263065350544223974793567322194576263427734375
0.00715783720725604068191305628943155170418322086334228515625,0.006847422345127086341920463752330761053599417209625244140625,0.00803711324429944896918787122785943211056292057037353515625,0.006899000180632000427116690133289012010209262371063232421875,0.007571187479935035345712801557738202973268926143646240234375
0.00689480779464814175216957892189384438097476959228515625,0.007097990541267302881667244918162396061234176158905029296875,0.007431625740247288676443293553575131227262318134307861328125,0.00763568250389466511574010354479469242505729198455810546875,0.00714457915008887174679319542747180094011127948760986328125
0.00726244428746534130547640728536862297914922237396240234375,0.0072186351877375869168229627348409849219024181365966796875,0.00776676216610002780049715198629201040603220462799072265625,0.007193700948767692802954254460701122297905385494232177734375,0.00727489171101729226176502152156899683177471160888671875
0.00710580634298474574095383360372579772956669330596923828125,0.007386994754375876028051894905956942238844931125640869140625,0.00712919956571126701982965556680937879718840122222900390625,0.0075839255531173384305976270525206928141415119171142578125,0.006802438076606204080121198529695902834646403789520263671875
0.007259078784799008303429967980946457828395068645477294921875,0.007117038210365759544340225062342142337001860141754150390625,0.0073435162682874734196847299472210579551756381988525390625,0.00781268185722966933270949851930708973668515682220458984375,0.00723994467400447018479159311254989006556570529937744140625
0.007063710755337278789089960895353215164504945278167724609375,0.00742340448945390425639079268194109317846596240997314453125,0.0072781761548787148041750327820409438572824001312255859375,0.00658073851275713279929124865930134546943008899688720703125,0.00771864920260306903998515082321318914182484149932861328125
0.007667501109829129475603526344684723881073296070098876953125,0.00700071039555239492402360923506421386264264583587646484375,0.0074969431666114527690325530784321017563343048095703125,0.00706568511457822921728588738687903969548642635345458984375,0.007482933500366432955086537504030275158584117889404296875
0.00694740314541083224531003992296973592601716518402099609375,0.007145961027351702653243048501963130547665059566497802734375,0.007253400651050847906808893839070151443593204021453857421875,0.007412292733516977205621145685654482804238796234130859375,0.007103398062127635852192053533826765487901866436004638671875
0.0074600184610959414943653911223009345121681690216064453125,0.00783345860078028984052611605193305877037346363067626953125,0.0073748080153612505238669427853892557322978973388671875,0.0068842389951626094257708388113314867950975894927978515625,0.007778320206188874159913826389356472645886242389678955078125
0.006954305278209177952619679530243956833146512508392333984375,0.0078339789949352332809606735963825485669076442718505859375,0.006855042406533311781513528870846130303107202053070068359375,0.00661654556974866463192608279086925904266536235809326171875,0.00793694967549269693452007601308650919236242771148681640625
0.006778481463372918423837543144827577634714543819427490234375,0.007560488609096597568959285950995763414539396762847900390625,0.00761887473019884180203131762709745089523494243621826171875,0.0071211844483411168571507232627482153475284576416015625,0.007922531426515520835973660496165393851697444915771484375
0.00730292266924594500598910684630027390085160732269287109375,0.007262068323713121408002901802092310390435159206390380859375,0.007597601735119617789859791656681409222073853015899658203125,0.00759354868411473045430870598693218198604881763458251953125,0.007382223351760819514411071651238671620376408100128173828125
0.007735813149672767473352674727493649697862565517425537109375,0.007432807763453543048459692954565980471670627593994140625,0.007744680427925918105025449023059991304762661457061767578125,0.00745757646130541969331506635398909565992653369903564453125,0.00787287444352843986117296282145616714842617511749267578125
0.00754749437764949161755456685796161764301359653472900390625,0.007582499633649381585998039412288562743924558162689208984375,0.00675169819599209970750752773938074824400246143341064453125,0.007271646188101746517695733729169660364277660846710205078125,0.007227593858087744127516316439141519367694854736328125
0.007767125950392190884830068142719028401188552379608154296875,0.0076382674169563069543897881885641254484653472900390625,0.006966609185347865003390399607496874523349106311798095703125,0.0075061660883277599165541715819927048869431018829345703125,0.007264478738885210389042423884120580623857676982879638671875
0.007124163910099332898406832015325562679208815097808837890625,0.00729931468244111869569934469836880452930927276611328125,0.007002516347627138308673533373394093359820544719696044921875,0.00811428861485197390479573442689797957427799701690673828125,0.007558520699883838379895539816288874135352671146392822265625
0.007770806376313203582550936943107444676570594310760498046875,0.007726668733887062136267420697777197347022593021392822265625,0.008004042816286423278615558274395880289375782012939453125,0.007404908239078646613184897518067373312078416347503662109375,0.007129331865686442705476455472535235458053648471832275390625
0.00743665264029725291139438780874115764163434505462646484375,0.007321801515880408013636770903076467220671474933624267578125,0.00734983230314627776491587241025627008639276027679443359375,0.007339485263827195092589672498206709860824048519134521484375,0.00713399374376213861459472553860905463807284832000732421875
0.007314179628272799750521304673611666657961905002593994140625,0.0070386599001450340928887072777797584421932697296142578125,0.007244097496786244642918983771551211248151957988739013671875,0.007512402900515615690457682518399451510049402713775634765625,0.0079355774929158080788216267364987288601696491241455078125
0.007169823186519178222220194385272407089360058307647705078125,0.007752540095533662183047152183235084521584212779998779296875,0.006965967625862158098259957483833204605616629123687744140625,0.007682931346526380121664256961366845644079148769378662109375,0.0076303649539520256028790612390366732142865657806396484375
0.007048454398698104049481027999490834190510213375091552734375,0.007385425705220507140713603888571014977060258388519287109375,0.0068055791826907748032216005640293587930500507354736328125,0.007380208492385104991628796966551817604340612888336181640625,0.00742622671029819110544156757214295794256031513214111328125
0.00700726599829475972625036916952012688852846622467041015625,0.007328221591507430056344762903108858154155313968658447265625,0.00722604204647595872723631060807747417129576206207275390625,0.007080324624038699006522978862676609423942863941192626953125,0.007006663019770363078075892104834565543569624423980712890625
0.007237627147627566370768903425414464436471462249755859375,0.00735232492536327421339681364997886703349649906158447265625,0.0077545819252510909957987195184614392928779125213623046875,0.0068200117390194957278648502096984884701669216156005859375,0.0073632489216517056640487481899981503374874591827392578125
0.00735021406035388756572412916057146503590047359466552734375,0.007728591394481451777587199813979168538935482501983642578125,0.007399550783498485238831587906815911992453038692474365234375,0.0074759231430986845812203256400607642717659473419189453125,0.006927085239963028974463643550052438513375818729400634765625
0.007342155945202856470732655225219787098467350006103515625,0.00728711533652553859752298848206919501535594463348388671875,0.0071420812401782433898045354681016760878264904022216796875,0.007264918427538788643638145714476195280440151691436767578125,0.007410243031976514703484948398681808612309396266937255859375
0.007342437781823744034903622690535485162399709224700927734375,0.007133500299676998578080056034877998172305524349212646484375,0.007303875854203364763328476527703969622962176799774169921875,0.0069445729098985171934277360605847206898033618927001953125,0.007046039121562605068993523360632025287486612796783447265625
0.00747098971744747548939802328504811157472431659698486328125,0.007169999695045759478817526400007409392856061458587646484375,0.007317422288184897462282041402659160667099058628082275390625,0.007220293734221193415745432275798521004617214202880859375,0.007057740823895202776638857500302037806250154972076416015625
0.007177456600422287003038235297935898415744304656982421875,0.007207642296204844721552174036105498089455068111419677734375,0.006501095594765603224995942355235456489026546478271484375,0.00706571160787275269477003547535787220112979412078857421875,0.00723650839210046754879090968870514188893139362335205078125
0.007435473846614154384837558353638087282888591289520263671875,0.006855282048569153775796625183147625648416578769683837890625,0.007686055797229683107796294194713482283987104892730712890625,0.007251741821767365876738598018391712685115635395050048828125,0.007551417594899238749928116476439754478633403778076171875
0.0073985846332927096558051971442182548344135284423828125,0.00765360869177065909763069129212453844957053661346435546875,0.00724181721243587206426894908872782252728939056396484375,0.007418073590700762463823192405243389657698571681976318359375,0.007313488484188391570983700518127079703845083713531494140625
0.0070220236174594850842023419090764946304261684417724609375,0.007537165831562880370653179085138617665506899356842041015625,0.0074310140600173345271084457408505841158330440521240234375,0.007517063508292285041456626260014672880060970783233642578125,0.0067998558732087939493471395735468831844627857208251953125
0.007079407267706031188503335016548589919693768024444580078125,0.00725235299414233626491554929316407651640474796295166015625,0.00762263600016574276174718960419340874068439006805419921875,0.006978824100568627002150190463680701213888823986053466796875,0.006684407364913319028743021732452689320780336856842041015625
0.00701406448949902332212769096031479421071708202362060546875,0.007328635702690269697334723986159588093869388103485107421875,0.007643451494281613793624341468557759071700274944305419921875,0.006843274944333376137717284137806927901692688465118408203125,0.00775600163742116814613591913030177238397300243377685546875
0.0075502205407720311691743830806444748304784297943115234375,0.007294102104569937135292168051137196016497910022735595703125,0.00724947784156673886990507327254817937500774860382080078125,0.0069652651214826520609246784943024977110326290130615234375,0.006860465209005190377611338448105016141198575496673583984375
0.00774009914022651991649670577544384286738932132720947265625,0.00808893407699312790015699903278800775296986103057861328125,0.006932119323167280737496565024002848076634109020233154296875,0.00706297228271374026575823990015123854391276836395263671875,0.00746332835012476943081782820854641613550484180450439453125
0.00758109092856923579006878100017274846322834491729736328125,0.007068078190572544931835619053117625298909842967987060546875,0.007579373911572681414561269974683455075137317180633544921875,0.007243214337197837783544063228191589587368071079254150390625,0.006933015410188468098662273320087479078210890293121337890625
0.007156949984582920525066906947131428751163184642791748046875,0.007460630058893870895919686603292575455270707607269287109375,0.0073014211629722040874934663179374183528125286102294921875,0.007219093494549413785044134073132227058522403240203857421875,0.00733355151624656871611751540740442578680813312530517578125
0.006875447606921857197914693671236818772740662097930908203125,0.00759842387427161862489821686494906316511332988739013671875,0.007745091117545011873135596403017189004458487033843994140625,0.00727783576393599244969134787197617697529494762420654296875,0.007717751576253269185645677907814388163387775421142578125
0.007553101750201859400368764596578330383636057376861572265625,0.007079189277658006450300032241784720099531114101409912109375,0.007546667418682241612604144620490842498838901519775390625,0.007169783468486768361616068290231851278804242610931396484375,0.007098552062524067680915340616820685681886970996856689453125
0.00750474113400847499255608141766060725785791873931884765625,0.00699885473984298601968223607627805904485285282135009765625,0.00694854292046606474009262655044949497096240520477294921875,0.006927846340105723622893041380166323506273329257965087890625,0.00671525878751076145400933370410712086595594882965087890625
0.0067982065289852768030787188990871072746813297271728515625,0.007490499856568521262756288336959187290631234645843505859375,0.00700627429282828229073487591449520550668239593505859375,0.00731767535763139069515670342980229179374873638153076171875,0.007564157720378466252808546954611301771365106105804443359375
0.00780773158829973883132691270247960346750915050506591796875,0.007112624386800715271805817252470660605467855930328369140625,0.007592196916302584863700531059294007718563079833984375,0.007028162304322246346777181003062651143409311771392822265625,0.0073321238955531241321406099586965865455567836761474609375
0.00707528493834623690983409716181995463557541370391845703125,0.007421524242000601505331314200475389952771365642547607421875,0.00703921178362071527090382261349077452905476093292236328125,0.007004096564595686628951209939941691118292510509490966796875,0.007363678318034391594160137373137331451289355754852294921875
0.00732271131133612786234809988172855810262262821197509765625,0.00686703788051635198586009067867053090594708919525146484375,0.00733470270695107430525272462773500592447817325592041015625,0.00748176242424569530597988631370753864757716655731201171875,0.0074032263440410618626774663653122843243181705474853515625
0.0075663843341628733707437959310482256114482879638671875,0.007420840081352878155052099629074291442520916461944580078125,0.0073867836461483545040795917202558484859764575958251953125,0.0070649769203168129305669964423941564746201038360595703125,0.007034121920417414110249243464068058528937399387359619140625
0.007415261168805074333543192466322580003179609775543212890625,0.007441335349333122635429038638221754808910191059112548828125,0.007487397183342364530289625434988920460455119609832763671875,0.0076347823762912027378835233548670657910406589508056640625,0.00759421146365258682708887505441452958621084690093994140625
0.007775654115739082279656901874886898440308868885040283203125,0.0076000088262105046366112759415045729838311672210693359375,0.0074714004292878270774291848965731333009898662567138671875,0.006992490923494339670474229109231600887142121791839599609375,0.00765461924860059983455329302159952931106090545654296875
0.007530979568183870757891451575005703489296138286590576171875,0.00785095616783269313609938677700483822263777256011962890625,0.0073262933965756830978488522987390751950442790985107421875,0.00793465023793490410730644413206391618587076663970947265625,0.007021220584141609107053927374408885953016579151153564453125
0.00709003331648060293457280778284257394261658191680908203125,0.00805898454854885037956790938551421277225017547607421875,0.0072597546669727099077906729007736430503427982330322265625,0.007123502692863013796564786161980009637773036956787109375,0.007153201407762023456005096022636280395090579986572265625
0.007474528747891705411643403778043648344464600086212158203125,0.00715118993568890359835421577372471801936626434326171875,0.00821461673816210359577727473379127332009375095367431640625,0.006859414929383025709419552384815688128583133220672607421875,0.006889024629036732093323447401189696392975747585296630859375
0.00713394898847511359230022520705460919998586177825927734375,0.007043731941817166046504450349630133132450282573699951171875,0.007056381794363224095600894969493310782127082347869873046875,0.0079171609848568240408450691347752581350505352020263671875,0.007431283437541459126196574658251847722567617893218994140625
0.0073477229868439859761242161084737745113670825958251953125,0.006945781395700242367985399738472551689483225345611572265625,0.0076620389427665448744964038496618741191923618316650390625,0.007140836676321114795396027830065577290952205657958984375,0.0078968025040464830122122208422297262586653232574462890625
0.006882794639386042613582450400144807645119726657867431640625,0.007239955040328228778878649762873465078882873058319091796875,0.007389748546524057583317901531927418545819818973541259765625,0.007218541395674592242581724121919251047074794769287109375,0.007221050715002783233764649395425294642336666584014892578125
0.00693491219166410786944876321058472967706620693206787109375,0.007956047978667869780000643231687718071043491363525390625,0.00771468138193254042433988360016883234493434429168701171875,0.00750309575011708085323647310360684059560298919677734375,0.00796237958425798607320356126137994579039514064788818359375