0.190926976062353759289180743508040904998779296875
0.0088194989389353169173535462732615997083485126495361328125
0.026786981948335335246280664023288409225642681121826171875
0.0024448334576918188953964516940686735324561595916748046875
0.00118256963208292534793508732349209822132252156734466552734375
-0.00731037906915901238014132701437119976617395877838134765625
0.01453574765182276233577152169118562596850097179412841796875
-0.010326677041121161415571094721599365584552288055419921875
0.0130532780932293944464728241428019828163087368011474609375
0.00586375507622210155600495085082002333365380764007568359375
0.016176020356269187050468616462239879183471202850341796875
0.00446339670802159242668505356732566724531352519989013671875
0.00211928889417840708719875664201026665978133678436279296875
0.01142243582770375263935047627228414057753980159759521484375
-0.003564846104664322334887316401363932527601718902587890625
-0.0103170070948786461728641228319247602485120296478271484375
0.0022161601744577013282933020121845402172766625881195068359375
0.005933133442436962223798246895967167802155017852783203125
0.0053320732096949104150684917158287134952843189239501953125
0.004997149782800401097981879416920492076314985752105712890625
0.01498158672881490065253995425109678762964904308319091796875
-0.0021752544055824800904586080463332109502516686916351318359375
0.005246071304334021245807662126026116311550140380859375
-0.0104388117471407824987661427940111025236546993255615234375
0.01541022010069792273767586010535524110309779644012451171875
0.00022240283134061748370087496784464065058273263275623321533203125
0.01130238551968300829420055464424876845441758632659912109375
0.00922017651507190706683392278364408412016928195953369140625
0.01151472993470485477185416556267227861098945140838623046875
-0.033254606942316501660972249965197988785803318023681640625
-0.0022591609700613143364711365990160629735328257083892822265625
0.01420529949623524669510832296737135038711130619049072265625
0.0080849194819026283520546627414660179056227207183837890625
0.01177131597689873125645032558850289206020534038543701171875
0.0109273835896406719403461949013944831676781177520751953125
0.0129277638964215603467611259702607640065252780914306640625
0.01273957679241153988225487836416505160741508007049560546875
0.00193924645890462821196109644006355665624141693115234375
0.01959027605613562761366353015546337701380252838134765625
0.009913807714657614511555294711797614581882953643798828125
0.0246593624984937677402374589519240544177591800689697265625
-0.019383416127403581274979416093628969974815845489501953125
0.00107304051683253828634867499403071633423678576946258544921875
-0.01178975115814294601090939096366128069348633289337158203125
-0.0036129196567154923426523627227879842394031584262847900390625
-0.00425638589561579301634441918622542289085686206817626953125
-0.00924880152919095067931554154938567080534994602203369140625
0.00315174672603089726929948000133663299493491649627685546875
0.0299636301336996986599547909690954838879406452178955078125
0.0055857527438319294621482669072065618820488452911376953125
-0.00984243725466977907589960494760816800408065319061279296875
-0.01173816379375349806812867115013432339765131473541259765625
0.00638821700450204789378805259048021980561316013336181640625
-0.00104161600099456053657165366388426264165900647640228271484375
0.0041209389676957856873951158149793627671897411346435546875
0.007782514474282012893746607318234964623115956783294677734375
0.00299654902946905159211166136401516268961131572723388671875
0.01025694891864309919726760966796064167283475399017333984375
-0.0112639760583964736173623322201819973997771739959716796875
0.0035525672600533685606405409629360292456112802028656005859375
0.00912075898398198060823549582210034714080393314361572265625
0.000663738061051915456158012407428259393782354891300201416015625
-0.01207838755919736495325622627206030301749706268310546875
0.0209098618134616574815165535028427257202565670013427734375
0.07441175766759626497570678793636034242808818817138671875