0.0722460143844894930875710770123987458646297454833984375
0.063488245704267420865818394304369576275348663330078125
0.086209819879477844750681470031850039958953857421875
0.0922967994530612123593726892067934386432170867919921875
0.077463826313938166645556293588015250861644744873046875
0.07935047707819731233058746511233039200305938720703125
0.06670814079487273617896647692759870551526546478271484375
0.0450965685971097263173845703931874595582485198974609375
0.0713248807130249795616094843353494070470333099365234375
0.0718838118049420493615997429515118710696697235107421875
0.08379141674761379776636971428160904906690120697021484375
0.0894356027259849140076397588927648030221462249755859375
0.06948925012184947735960349746164865791797637939453125
0.06633434167844724782536758311835001222789287567138671875
0.1025254637742113728027248953367234207689762115478515625
0.06110822607279899065790829126854077912867069244384765625
0.048428290026508634402713227018466568551957607269287109375
0.09415761461221283656897185210254974663257598876953125
0.07630171317548840870248483270188444294035434722900390625
0.09016273892356348185206371681488235481083393096923828125
0.059985169187632685072752991572997416369616985321044921875
0.0835688346870955001133296491389046423137187957763671875
0.08669768288509431541921657071725348941981792449951171875
0.06728188665688518421692521087607019580900669097900390625
0.04706594191002748395202814890581066720187664031982421875
0.11380999151452098061554352170787751674652099609375
0.07301912459680774680759185457645799033343791961669921875
0.0528124996057053319731267038150690495967864990234375
0.10086373954173322164962200986337848007678985595703125
0.10074982815004708547323986067567602731287479400634765625
0.044010143107991360478248310528215370140969753265380859375
0.1678984191412815629718124910141341388225555419921875
-0.4728700825834513121748159392154775559902191162109375