0.00135378202497538351230244035861005613696761429309844970703125
0.00133861742847954010536548619114682878716848790645599365234375
0.0013302211592773481758922304862835517269559204578399658203125
0.00149857252848715452771266587461695962701924145221710205078125
0.0014050920315407263404272608653400311595760285854339599609375
0.001191509395243722617407922115262408624403178691864013671875
0.00124966758859441071961848823690388599061407148838043212890625
0.00142927209880547366298297884412704661372117698192596435546875
0.00140535894787779274718586552950227996916510164737701416015625
0.00123629358181968733443323316123496624641120433807373046875
0.0012161945310502617935421998396350318216718733310699462890625
0.00131430345115471857407596356637213830254040658473968505859375
0.00131967841917737956601575088910749400383792817592620849609375
0.00123937408107978991843312055465275989263318479061126708984375
0.00133316803500142864839783651831339739146642386913299560546875
0.00128753803904915645021922454560581172700040042400360107421875
0.0013333494558878688542036261566181565285660326480865478515625
0.0012332997192290363376587780663840021588839590549468994140625
0.0013010744922852062431528619157461434951983392238616943359375
0.0013374017987609772804835639448128858930431306362152099609375
0.00134497287888599224674190946160479143145494163036346435546875
0.0013738509938830815483579161906391163938678801059722900390625
0.0013408640745241440055124382269013949553482234477996826171875
0.0013321742204214751144342177013868422363884747028350830078125
0.001353183817504175455448400811064857407473027706146240234375
0.0014226108403715682741708103975497579085640609264373779296875
0.00139774189179945706844321318129686915199272334575653076171875
0.00132048801915375635905591789054369655787013471126556396484375
0.00120183088685340915512111958918239906779490411281585693359375
0.0012793134388265196312028937342120116227306425571441650390625
0.00143699920218229586395264352205458635580725967884063720703125
0.0014749134903481258239421602951324530295096337795257568359375
0.0012747853502248179639877445623596941004507243633270263671875
0.00123723656331899134475094115259707905352115631103515625
0.00124500628194590943521868897647664198302663862705230712890625
0.0013143266200814252182837993387920505483634769916534423828125
0.0014278771889040735125486758505530815455131232738494873046875
0.00127455661097353200629511693620088408351875841617584228515625
0.00134231490413278084679327140094073911313898861408233642578125
0.00138270183254602112461750795802117863786406815052032470703125
0.0012214740857019175217235140706861784565262496471405029296875
0.00131351767497555325416025429063893170678056776523590087890625
0.00140695518517232787299164886718472189386375248432159423828125
0.001428173988101588860744062259300335426814854145050048828125
0.001331365432706207822810551277825652505271136760711669921875
0.00132584963304048487030273317799355936585925519466400146484375
0.001310634280475724000591952744798618368804454803466796875
0.001351166860373335075473644195653832866810262203216552734375
0.001360061095949324956599912894716908340342342853546142578125
0.00122756358180597306521686373770307909580878913402557373046875
0.00130519219267632448876204076526619246578775346279144287109375
0.00134225869409570174040080559052512398920953273773193359375
0.0013423943119097322095034652278400244540534913539886474609375
0.00135805030377801074469024111834869472659192979335784912109375
0.001242981204972842292078016868117629201151430606842041015625
0.00120664813237082138748512694093051322852261364459991455078125
0.00130189728765562717609227671999860831419937312602996826171875
0.00131466080007194667522707476337018306367099285125732421875
0.001216814561353112521258079681274466565810143947601318359375
0.00122355598133463386485708657147597477887757122516632080078125
0.00130321631225664203747316438608550015487708151340484619140625
0.00130171270712543135118777204439766137511469423770904541015625
0.00137108182131852915190683983581720895017497241497039794921875
0.0013030964777931788346754249374725986854173243045806884765625
0.00138486229008895366833498119518708335817791521549224853515625
0.00150962152072196278095039811972810639417730271816253662109375
0.00137891821000424622499502813610661178245209157466888427734375
0.0012619717105340571249028069900077753118239343166351318359375
0.0014395708231793552349386811073372882674448192119598388671875
0.0014178992460560477413544777647302908007986843585968017578125
0.00126644251807072282488275671852306913933716714382171630859375
0.00130193930558858265468524795238636215799488127231597900390625
0.0013376830964289955321067093763076627510599792003631591796875
0.0013487999761257717101781139490412897430360317230224609375
0.001270847691563471715259225902627804316580295562744140625
0.00126220876232093610035123187884664730518124997615814208984375
0.00123003157129680600577470439560556769720278680324554443359375
0.0013560924648603513154032640386503771878778934478759765625
0.00126472358037832389131283061800559153198264539241790771484375
0.001343189814326584304027267791070698876865208148956298828125
0.00133599743387975678464429929448442635475657880306243896484375
0.00132890880809425075866070375951721871388144791126251220703125
0.001305277695709500078435905123797056148760020732879638671875
0.0013864833212098178448490326530873062438331544399261474609375
0.0014083796275780337790839435996304018772207200527191162109375
0.0013565776551170438159188424975809539319016039371490478515625
0.0013126381156487571498503452716022366075776517391204833984375
0.00129009760578911009641644991319253676920197904109954833984375
0.0014601323357412202517957577896368093206547200679779052734375
0.00140102206958856519321277023237826142576523125171661376953125
0.0013273489116483612980379458434754269546829164028167724609375
0.0013763624581636471101708796282991897896863520145416259765625
0.00144432354644322678317858166252563023590482771396636962890625
0.00137385125024463831434895499938875218504108488559722900390625
0.0013376259552740736580300762170736561529338359832763671875
0.001410068398804894922171637716701297904364764690399169921875
0.001316842732183809601409496536916776676662266254425048828125
0.00137557875789072448467764697710435939370654523372650146484375
0.00141411131356889395449538682214551954530179500579833984375
0.00146925332239048432592110060568302287720143795013427734375
0.0013141014802938275236876553009324197773821651935577392578125
0.00131405382091639467978527733293958590365946292877197265625
0.00141473547861763085213560042774361136252991855144500732421875
0.001421712741353297650148679309722865582443773746490478515625
0.0014045708664139583236873942695410732994787395000457763671875
0.0013759187323752371245877412775371340103447437286376953125
0.00133546052415575689474580567406292175292037427425384521484375
0.00134411840313537213863204211605761884129606187343597412109375
0.00141458460344280633792790613512124764383770525455474853515625
0.001362993032112133108546547788364478037692606449127197265625
0.0013437704794491945291257106731563908397220075130462646484375
0.0012253002382031793170147349059107000357471406459808349609375
0.0013323135077308160580111806581271594041027128696441650390625
0.00144075079880416298018508403089299463317729532718658447265625
0.00129730937093101871861178242539835991919972002506256103515625
0.0013904963256778112880296394138213145197369158267974853515625
0.00140944553447639700678728491567426317487843334674835205078125
0.0014173656902348873327934786203741168719716370105743408203125
0.00136906556260350657262814255687999320798553526401519775390625
0.00129356062088613180983964756620707703405059874057769775390625
0.0013901509066617059352799490312690977589227259159088134765625
0.00140167099146911258190917326516000684932805597782135009765625
0.0013713776768339174839950178608205533237196505069732666015625
0.00110115749153109876955214385674253207980655133724212646484375
0.001194872955204719609800800839138901210390031337738037109375
0.00134775728378422787918922143290956228156574070453643798828125
0.0014147758987014071897780898012797479168511927127838134765625
0.00142037990550304715244023245901416885317303240299224853515625
0.001206389642433663110521191441648625186644494533538818359375
0.001238992838456162530469395477439320529811084270477294921875
0.001340738749854496376923140843473447603173553943634033203125
0.00116787016581995466146803863694003666751086711883544921875
0.0015247199408289801615679071034037406207062304019927978515625
0.0014425407473116062286033756123515559011138975620269775390625
0.00140063197175323132272206638759826091700233519077301025390625
0.00129223361766981595551151418277413540636189281940460205078125
0.00128744989185758016390914715287863145931623876094818115234375
0.001474880132516368132222783771112517570145428180694580078125
0.00143640033241059796552396843338783583021722733974456787109375
0.0013133627504527890968166747853729248163290321826934814453125
0.0012228923792889129402994274897764626075513660907745361328125
0.00125189574428413784128177876908694088342599570751190185546875
0.00130795676681246474636066690067082163295708596706390380859375
0.00139951441937145718875934452540832353406585752964019775390625
0.0013171583763414867508656502792518949718214571475982666015625
0.00130977847099219353761700990190774973598308861255645751953125
0.00137281397274231103423913769034925280720926821231842041015625
0.0013041588319799325701442427316578687168657779693603515625
0.0012894037481696479265080856890790528268553316593170166015625
0.00142560434634083688966443848045173581340350210666656494140625
0.00130144196038115543025137643695643419050611555576324462890625
0.00130418865216015114789904760783656456624157726764678955078125
0.0014333972596362672298486717892274100449867546558380126953125
0.001426195117912460071096791835998374153859913349151611328125
0.00148156292474489162565298716600636907969601452350616455078125
0.00136321197196629458232852716292882178095169365406036376953125
0.0014421144661658203377230247355100800632499158382415771484375
0.00121573825464677052858586403516483187559060752391815185546875
0.00139555771851492351788570633885910865501500666141510009765625
0.00136798174365946744075739349710829628747887909412384033203125
0.00129926705434466461912268453460228556650690734386444091796875
0.0015388643085981570414466634844075088039971888065338134765625
0.0012846522808990447524213340813048489508219063282012939453125
0.00129828190979527197633502932916371719329617917537689208984375
0.00132629992338836378597266563161838348605670034885406494140625
0.0011348244493023392463759702053494038409553468227386474609375
0.00157546156354230614156375356316175384563393890857696533203125
0.00116717563735675169088457092669841586030088365077972412109375
0.00159738776869922691030445616178212731028907001018524169921875
0.00130017107950392203120915102232402205117978155612945556640625
0.00119245449973204883757638139485379724646918475627899169921875
0.00140958670692739314149466434145097082364372909069061279296875
0.00130851495362404473578321617566189161152578890323638916015625
0.001255883524320741510826859865801452542655169963836669921875
0.0014219446764977389761896997555368216126225888729095458984375
0.00138398529932078399005968005752720273449085652828216552734375
0.00147260013047073655238772271758307397249154746532440185546875
0.00135004948110294359202299130373603475163690745830535888671875
0.001452063034948397439449774282138605485670268535614013671875
0.00128190347901352831409826915631811061757616698741912841796875
0.00131682522118340273979686383398757243412546813488006591796875
0.001185151681485772934276923251672997139394283294677734375
0.001270231572819504640980969867314342991448938846588134765625
0.001313283771877264520522299307003777357749640941619873046875
0.00141169797072128910993271677654092854936607182025909423828125
0.00153531104247961089868945716574444304569624364376068115234375
0.00120791938264295053463703855101130102411843836307525634765625
0.00133431477428128564440001913027344926376827061176300048828125
0.0012877019714081987082632263508230607840232551097869873046875
0.00123881669129517735759848928722703931271098554134368896484375
0.001451343006339744605426300694261954049579799175262451171875
0.0014450047416413387864342343647194866207428276538848876953125
0.00126879485774344436845029182592270444729365408420562744140625
0.00138283392576084318038864839905954795540310442447662353515625
0.0013012920030679776296766991805498037138022482395172119140625
0.00144462134620313461912111119289647831465117633342742919921875
0.00121391644368181611003676412252616501064039766788482666015625
0.0015740104091277636044754473232387681491672992706298828125
0.00121873038638569308918235822858378014643676578998565673828125
0.00133183482473996583038411412047707926831208169460296630859375
0.00147786927523061817173199994357446485082618892192840576171875
0.000996499665478101093185614445246756076812744140625
0.00133807195907657719251282468775343659217469394207000732421875
0.00121209450204321444143074071320143048069439828395843505859375
0.0015030760391302228247412120509807209600694477558135986328125
0.001095661879003261181264594625872632605023682117462158203125
0.00122872459474238971723070168451386052765883505344390869140625
0.001323458452149786808427212037031495128758251667022705078125
0.00118004013964115805034038597653989199898205697536468505859375
0.00151913338918045607607576474862298709922470152378082275390625
0.00121306677502943109810129573844506012392230331897735595703125
0.00124461367356707461144516013717975511099211871623992919921875
0.00119733321035085465110225921847586505464278161525726318359375
0.00145505414662858959147506698883489661966450512409210205078125
0.00135243955101378775067455517699954725685529410839080810546875
0.00157419073760927037165802122586910627433098852634429931640625
0.00111928218770595395113731651548505396931432187557220458984375
0.00122250559333154126644138681712092875386588275432586669921875
0.00126902194426234599979042005912788226851262152194976806640625
0.00108993155400379480857164793405900127254426479339599609375
0.00117814460674524139859042914935116641572676599025726318359375
0.0015309709267832360794769908096668586949817836284637451171875
0.0015506050207305071934882345630057898233644664287567138671875
0.0014276286516498484617521125272787685389630496501922607421875
0.00145426433783131504005881051710957763134501874446868896484375
0.00123628613712953674443062457299902234808541834354400634765625
0.00127336449768750289111840512390472213155589997768402099609375
0.00115363531665813750549942628964572577388025820255279541015625
0.00142118399876935120294818570840789107023738324642181396484375
0.0011505203101072410294680725684202116099186241626739501953125
0.00132926064639739206947599559072159536299295723438262939453125
0.00136907960668759798826543683247791705070994794368743896484375
0.00153971617828331584602874482214929230394773185253143310546875
0.001358946552118967497635448893333887099288403987884521484375
0.0012616074256581572519964051792840109555982053279876708984375
0.0013478505409625194007283699448862535064108669757843017578125
0.001234913124421873655001125058561228797771036624908447265625
0.001588765007224881946334971161149951512925326824188232421875
0.000917713056828791252754473628527875916915945708751678466796875
0.0012523576295545191423841391298310554702766239643096923828125
0.0010931034821503996835867500436734189861454069614410400390625
0.0012035372165799924047691060735587598173879086971282958984375
0.00128564852063715461157056285657063199323602020740509033203125
0.00141387748658108945536138190135488912346772849559783935546875
0.00099902951376472891309443724594530067406594753265380859375
0.00139921705034821964273861194527626139461062848567962646484375
0.0012968964649002650592335417201184100122191011905670166015625
0.0016246804342697428701070005985229727230034768581390380859375
0.001110422421502921773439620523049597977660596370697021484375
0.00121487775746612004963698172588237866875715553760528564453125
0.00116506750478581025572133444967448667739517986774444580078125
0.00142075018864868470210016671018138367799110710620880126953125
0.00144889347306353423461278140393915236927568912506103515625
0.0013184355575926683980247933192231357679702341556549072265625
0.00119176270338755226942117904087581337080337107181549072265625
0.005079256231458033170322874383373346063308417797088623046875
0.003792402666470785950469934988404929754324257373809814453125